25.5818 63.3399 2060674566
-2.02433 12.1723 2060674566
-25.8627 62.409 2060674566
-25.9999 62.0961 2060674566
30.0966 64.0966 2060674566
0.814728 10.5526 2060674566
-23.4844 64.8566 2060674566
-23.8141 64.9399 2060674566
-29.1211 65.7412 2060674566
-3.79669 10.9335 2060674566
2.8306 8.28686 2060674566
2.56764 8.49965 2060674566
28.8643 60.3988 2060674566
29.0712 60.1313 2060674566
-23.5704 61.3072 2060674566
-23.3355 61.0641 2060674566
25.2866 59.2374 2060674566
25.7324 63.0374 2060674566
-24.1364 60.9266 2060674566
24.258 64.6515 2060674566
24.5792 64.7548 2060674566
29.0136 66.7001 2060674566
28.678 66.6718 2060674566
-3.77985 13.6758 2060674566
1.77321 12.7431 2060674566
29.0815 63.3509 2060674566
-5.17241 9.66662 2060674566
1.94624 15.9424 2060674566
1.73044 16.1979 2060674566
-6.87549 15.6476 2060674566
1.03177 13.19 2060674566
-30.2165 64.9577 2060674566
11.8907 12.7207 2060674566
-8.65046 15.9897 2060674566
-7.83089 10.1844 2060674566
-24.459 66.0344 2060674566
0.792682 15.184 2060674566
28.2691 62.4779 2060674566
27.9103 62.4389 2060674566
-18.7835 16.4086 2060674566
-18.5809 16.1106 2060674566
27.9399 62.9517 2060674566
27.5927 62.8557 2060674566
23.3459 58.7466 2060674566
12.7701 12.0554 2060674566
5.5121 13.303 2060674566
5.19213 13.4669 2060674566
-5.15602 11.1993 2060674566
-29.892 65.0371 2060674566
23.7572 57.8173 2060674566
-27.0923 58.8995 2060674566
-27.3089 58.6193 2060674566
-7.46485 9.98591 2060674566
-25.5034 65.7481 2060674566
-15.6554 14.9129 2060674566
-15.9879 15.0272 2060674566
25.6926 63.8686 2060674566
13.5608 13.6541 2060674566
-25.9984 66.8176 2060674566
-20.3591 57.6122 2060674566
26.7789 65.4178 2060674566
2.90538 12.7066 2060674566
2.65648 12.4694 2060674566
-24.7026 63.527 2060674566
4.60027 14.8657 2060674566
-22.3156 61.6072 2060674566
-22.3403 60.9807 2060674566
-0.781248 14.2833 2060674566
-0.606034 14.5564 2060674566
-4.33811 11.3935 2060674566
-4.30339 11.7161 2060674566
8.25678 11.5326 2060674566
8.56777 11.6238 2060674566
-10.1362 11.3071 2060674566
-9.97815 11.0245 2060674566
-20.8985 65.0597 2060674566
-20.5864 65.1438 2060674566
22.4773 60.4471 2060674566
-31.497 68.5653 2060674566
4.86544 14.6769 2060674566
-26.6324 65.4353 2060674566
-26.9514 65.4666 2060674566
26.5753 61.2769 2060674566
-26.3485 63.7693 2060674566
-13.284 13.7097 2060674566
-13.448 13.9843 2060674566
-5.26505 10.592 2060674566
-5.68579 12.2706 2060674566
-0.272815 10.2317 2060674566
-0.555903 10.0875 2060674566
4.65824 11.356 2060674566
4.54138 11.0609 2060674566
-19.3561 58 2060674566
-6.58252 14.6676 2060674566
-6.52281 14.9775 2060674566
21.4853 61.0518 2060674566
-25.6304 61.6024 2060674566
28.7541 62.3922 2060674566
24.8611 67.575 2060674566
25.1941 67.5623 2060674566
0.816861 12.047 2060674566
9.52016 12.4756 2060674566
9.7452 12.7205 2060674566
-0.0575668 14.9597 2060674566
2.3724 10.479 2060674566
26.7823 64.036 2060674566
-7.7476 11.6666 2060674566
-23.3785 61.8846 2060674566
-23.6026 61.64 2060674566
-2.26219 11.8445 2060674566
21.8076 60.976 2060674566
10.6204 13.5441 2060674566
-8.87924 13.3519 2060674566
9.40185 9.89798 2060674566
9.17088 10.1322 2060674566
-23.6625 62.6678 2060674566
24.3963 58.9259 2060674566
19.3713 60.3213 2060674566
19.6142 60.5397 2060674566
27.3622 62.3304 2060674566
27.5146 62.0415 2060674566
20.9634 61.8753 2060674566
20.6368 61.876 2060674566
-2.55617 12.9071 2060674566
-5.05409 12.933 2060674566
-4.19432 10.5548 2060674566
-24.3542 62.0952 2060674566
-28.5766 64.6035 2060674566
26.4346 60.4392 2060674566
1.72927 10.5219 2060674566
-8.68415 14.8433 2060674566
1.37101 8.83906 2060674566
18.8819 56.3725 2060674566
19.1401 56.6597 2060674566
0.492315 9.47759 2060674566
0.730359 9.17408 2060674566
-2.25062 12.6068 2060674566
-21.3755 62.5327 2060674566
-12.3825 14.2623 2060674566
-26.4806 62.5751 2060674566
7.05553 13.466 2060674566
7.34471 13.7189 2060674566
-11.1789 12.7927 2060674566
-24.4613 62.4634 2060674566
6.3989 13.7917 2060674566
6.49348 14.1614 2060674566
10.6413 12.7483 2060674566
11.0137 12.6673 2060674566
23.473 62.7137 2060674566
-20.3455 56.6388 2060674566
27.0835 62.0517 2060674566
27.2775 65.8066 2060674566
27.4539 66.1421 2060674566
24.5894 60.2235 2060674566
-6.93709 16.279 2060674566
18.3683 60.9728 2060674566
18.302 60.6003 2060674566
2.86886 8.73101 2060674566
-10.9709 11.8788 2060674566
13.6729 12.0623 2060674566
24.8351 63.2669 2060674566
6.00335 9.82716 2060674566
-26.4079 61.7594 2060674566
-26.013 61.7028 2060674566
2.73575 12.0365 2060674566
5.04695 11.7241 2060674566
-1.96305 9.86616 2060674566
-27.3869 64.8503 2060674566
-26.1831 67.6461 2060674566
-25.788 67.6174 2060674566
5.76405 9.31065 2060674566
5.7691 8.91492 2060674566
1.74958 13.2591 2060674566
1.36311 13.3442 2060674566
-24.7539 60.0059 2060674566
7.64157 9.92375 2060674566
-8.13004 13.5041 2060674566
-17.5437 55.2582 2060674566
-17.9209 55.1447 2060674566
-21.0985 62.1787 2060674566
-20.8596 62.491 2060674566
-9.32994 12.591 2060674566
8.28576 14.2823 2060674566
8.06429 14.6029 2060674566
27.1152 57.729 2060674566
7.04299 14.3557 2060674566
31.8734 67.3788 2060674566
-25.7261 60.4784 2060674566
-25.9458 60.1584 2060674566
-8.53622 11.6398 2060674566
9.60511 13.1162 2060674566
9.53598 13.4807 2060674566
1.05568 12.7819 2060674566
22.0896 61.6015 2060674566
-3.82892 12.4197 2060674566
-14.4809 11.6994 2060674566
11.2168 10.6282 2060674566
11.25 10.2622 2060674566
3.51015 7.78915 2060674566
3.87074 7.85944 2060674566
5.63447 10.9978 2060674566
23.7846 61.6839 2060674566
3.64284 11.039 2060674566
25.2892 62.251 2060674566
2.95809 11.0919 2060674566
-2.99456 10.7156 2060674566
-8.23783 11.4301 2060674566
-8.19325 10.1194 2060674566
23.1146 60.8873 2060674566
-20.6915 59.7072 2060674566
-21.048 59.6314 2060674566
14.6813 13.1794 2060674566
14.7594 13.5353 2060674566
-3.24567 10.4132 2060674566
-3.01379 10.1329 2060674566
11.1969 13.0646 2060674566
11.554 12.9978 2060674566
6.81407 11.7608 2060674566
6.46006 11.6792 2060674566
10.3948 13.8287 2060674566
-9.46724 14.2147 2060674566
-24.9044 60.3525 2060674566
-3.08701 15.9004 2060674566
-7.08111 8.04287 2060674566
-7.43195 7.90419 2060674566
28.4642 65.8056 2060674566
28.5185 66.1789 2060674566
3.8818 14.3291 2060674566
3.51176 14.2591 2060674566
-6.02558 10.9916 2060674566
-26.2472 57.6206 2060674566
-26.6218 57.5856 2060674566
1.10119 14.0947 2060674566
0.891199 13.7832 2060674566
22.0614 57.3711 2060674566
22.3797 57.5698 2060674566
8.2318 13.562 2060674566
-9.38822 13.8487 2060674566
-19.3121 56.0417 2060674566
-19.5355 55.7418 2060674566
18.6504 59.1007 2060674566
18.6203 59.4734 2060674566
24.5949 62.4362 2060674566
-27.2844 66.1036 2060674566
-27.0447 65.8171 2060674566
3.70752 13.3233 2060674566
3.94545 13.6108 2060674566
-4.02518 14.1092 2060674566
-1.11025 15.3995 2060674566
-20.0207 59.8556 2060674566
-20.2349 60.159 2060674566
25.5602 66.2628 2060674566
-5.11987 13.5986 2060674566
-29.6296 61.8455 2060674566
-29.4901 61.6145 2060674566
15.5539 10.8641 2060674566
15.6998 11.0908 2060674566
24.8558 60.7595 2060674566
24.6905 60.9723 2060674566
-22.9326 63.373 2060674566
11.2437 13.4702 2060674566
29.8402 63.7826 2060674566
4.58005 13.0103 2060674566
-2.7779 11.4599 2060674566
26.1091 63.4946 2060674566
4.44422 12.7449 2060674566
25.7365 66.0643 2060674566
-5.34831 13.7434 2060674566
-21.2225 59.1095 2060674566
0.0851202 12.0911 2060674566
24.2891 60.2577 2060674566
24.0274 60.2922 2060674566
-4.06731 13.534 2060674566
-4.33112 13.5385 2060674566
-3.19059 12.6434 2060674566
2.44962 11.6783 2060674566
-27.2402 65.111 2060674566
-23.8933 62.8998 2060674566
-24.1554 62.9056 2060674566
26.3928 62.8667 2060674566
26.6212 62.9946 2060674566
3.00173 11.9964 2060674566
-6.29456 12.9762 2060674566
6.7804 11.4809 2060674566
-27.7874 61.7479 2060674566
22.7288 62.2126 2060674566
-2.92328 13.2539 2060674566
-3.17527 13.3741 2060674566
-25.6707 59.3703 2060674566
-25.7771 59.1141 2060674566
7.29776 11.9649 2060674566
7.18656 11.711 2060674566
13.8193 9.29815 2060674566
14.0707 9.41479 2060674566
-1.58348 11.9952 2060674566
4.09541 11.4607 2060674566
-4.04868 9.79531 2060674566
-4.07385 10.0696 2060674566
6.54166 11.2943 2060674566
-6.29376 12.7148 2060674566
6.83055 11.2108 2060674566
25.0756 60.9898 2060674566
25.3339 61.0829 2060674566
-11.4747 14.6252 2060674566
-11.6509 14.8352 2060674566
-5.68168 14.2821 2060674566
23.2819 62.2723 2060674566
2.62968 10.3854 2060674566
-24.5962 63.0693 2060674566
-24.4996 62.8139 2060674566
-6.63526 12.8818 2060674566
-9.18331 13.2485 2060674566
-24.725 60.6535 2060674566
-24.6596 60.9163 2060674566
15.2697 9.88728 2060674566
-2.4131 9.60171 2060674566
-8.935 15.6175 2060674566
-4.41922 14.3831 2060674566
-4.16934 14.349 2060674566
9.93761 12.2637 2060674566
9.68711 12.2459 2060674566
0.99692 11.855 2060674566
-10.1794 13.1869 2060674566
-10.1144 12.9453 2060674566
0.572165 14.4811 2060674566
-6.98273 13.995 2060674566
-21.7443 62.5358 2060674566
6.75777 9.98337 2060674566
6.68117 10.2197 2060674566
15.0491 10.0014 2060674566
-2.17545 9.68902 2060674566
5.39334 15.0518 2060674566
5.32114 15.2892 2060674566
-5.96534 14.339 2060674566
-26.6705 62.11 2060674566
-26.5208 62.307 2060674566
11.1848 13.7624 2060674566
23.8001 59.1353 2060674566
23.5537 59.1327 2060674566
-5.40876 11.4502 2060674566
-2.9975 12.0167 2060674566
26.7407 64.4651 2060674566
26.5955 64.6636 2060674566
-3.5003 14.8919 2060674566
-3.73204 14.9696 2060674566
2.98754 14.4806 2060674566
26.6117 65.832 2060674566
26.5589 65.5761 2060674566
10.1808 11.5764 2060674566
10.3545 11.7706 2060674566
3.26291 11.6328 2060674566
3.05191 11.4815 2060674566
-25.3489 64.2088 2060674566
-25.1311 64.3486 2060674566
-5.56646 11.1103 2060674566
-5.72992 10.9097 2060674566
-18.2926 14.8015 2060674566
-18.0546 14.7005 2060674566
-8.42777 14.4004 2060674566
22.8965 60.122 2060674566
22.9661 60.3705 2060674566
-27.6495 61.5045 2060674566
-11.496 11.81 2060674566
-11.4827 11.5547 2060674566
-27.2897 60.9478 2060674566
-27.3988 60.717 2060674566
-22.6929 64.9436 2060674566
11.8284 9.386 2060674566
11.9471 9.16136 2060674566
-25.4339 65.397 2060674566
-25.6676 65.2761 2060674566
-25.6878 65.529 2060674566
0.968951 11.1961 2060674566
3.52087 9.95636 2060674566
0.29257 12.7117 2060674566
0.535627 12.6405 2060674566
-8.58504 10.3833 2060674566
25.1917 61.5506 2060674566
-22.587 63.9808 2060674566
-22.3843 63.7538 2060674566
-24.1007 64.4332 2060674566
-24.2435 64.165 2060674566
-27.1516 64.3674 2060674566
23.8429 60.6731 2060674566
31.8587 65.1763 2060674566
31.6154 64.9966 2060674566
-1.35156 9.52334 2060674566
-2.51894 14.277 2060674566
-27.9655 63.8533 2060674566
-28.2302 63.9979 2060674566
-6.19808 14.8596 2060674566
-8.83263 10.5548 2060674566
28.9654 65.2002 2060674566
-8.19382 15.135 2060674566
-7.92672 14.9991 2060674566
-4.47228 12.7385 2060674566
-4.52839 13.0323 2060674566
30.4526 67.4345 2060674566
4.36842 13.3134 2060674566
-26.0541 60.7653 2060674566
-26.2061 60.5086 2060674566
-22.2979 62.7546 2060674566
-5.76127 16.5129 2060674566
-5.63527 16.783 2060674566
-26.7188 64.975 2060674566
29.238 67.6665 2060674566
-26.6977 60.5304 2060674566
-26.9496 60.3736 2060674566
-4.06797 12.2177 2060674566
26.8558 67.7783 2060674566
26.9037 67.4682 2060674566
-3.54457 12.2513 2060674566
-22.2199 58.7242 2060674566
-22.3939 58.9849 2060674566
-3.62379 9.65909 2060674566
-3.42278 9.89945 2060674566
-0.304658 13.291 2060674566
-27.4059 61.9112 2060674566
-27.355 62.2187 2060674566
5.72437 12.5014 2060674566
30.9026 67.476 2060674566
27.0319 60.8614 2060674566
-26.2035 58.6026 2060674566
-26.1722 58.9113 2060674566
-16.6161 10.6601 2060674566
-4.37628 12.1843 2060674566
26.6037 67.9587 2060674566
26.6032 68.2686 2060674566
25.2789 64.1795 2060674566
25.0089 64.3316 2060674566
-26.0437 59.5609 2060674566
-26.1103 59.259 2060674566
6.02629 11.1502 2060674566
5.78268 11.3405 2060674566
-24.8614 63.2534 2060674566
21.6335 62.2814 2060674566
4.31385 15.218 2060674566
12.3377 9.56913 2060674566
12.0819 9.73719 2060674566
-6.34111 11.5364 2060674566
21.8295 60.6234 2060674566
3.5069 12.6607 2060674566
-4.89194 11.4081 2060674566
-5.082 11.6234 2060674566
3.03084 16.014 2060674566
3.30961 16.0822 2060674566
-6.03221 13.4822 2060674566
-5.92589 13.216 2060674566
23.0227 61.2089 2060674566
-6.91241 9.75854 2060674566
-6.63752 9.83663 2060674566
31.4501 67.4353 2060674566
-0.626766 12.0326 2060674566
-20.2942 61.526 2060674566
-20.2484 61.8069 2060674566
21.6924 60.3707 2060674566
20.4035 60.7535 2060674566
20.4088 61.0373 2060674566
21.925 62.5051 2060674566
22.1715 62.365 2060674566
-20.082 60.9774 2060674566
4.00342 10.7279 2060674566
5.49537 11.8089 2060674566
-4.23001 14.9246 2060674566
24.4597 61.549 2060674566
24.5305 61.8214 2060674566
-5.96526 10.0712 2060674566
-5.68407 10.0642 2060674566
26.7264 65.0071 2060674566
-12.753 11.5556 2060674566
-26.9913 63.1247 2060674566
23.3552 63.0609 2060674566
24.0366 63.1273 2060674566
2.6854 15.2416 2060674566
23.5773 63.9477 2060674566
23.5943 63.6537 2060674566
4.65324 10.3131 2060674566
-10.1617 13.7046 2060674566
-9.86969 13.6753 2060674566
21.6746 58.0338 2060674566
-27.4543 62.9789 2060674566
-23.0697 61.2985 2060674566
-10.805 10.3917 2060674566
-10.5593 10.2328 2060674566
7.51961 13.225 2060674566
-26.7766 62.9264 2060674566
13.4227 11.7499 2060674566
1.95609 14.4603 2060674566
1.68997 14.3423 2060674566
-1.47722 10.2345 2060674566
-1.76772 10.2188 2060674566
3.1815 10.4976 2060674566
1.5985 10.8373 2060674566
26.5152 64.3189 2060674566
24.1032 60.9191 2060674566
-23.2484 63.5483 2060674566
-6.74309 14.0788 2060674566
-21.6314 64.424 2060674566
-31.5819 68.2062 2060674566
-3.33 11.3053 2060674566
-28.5435 64.9893 2060674566
-12.0151 15.3128 2060674566
-18.2123 11.272 2060674566
-22.3727 13.4522 2060674566
-21.7346 13.8603 2060674566
0.935264 16.5563 2060674566
5.47502 17.9373 2060674566
4.75504 18.1381 2060674566
7.44927 10.5808 2060674566
-10.4938 9.38305 2060674566
6.47248 15.4741 2060674566
-6.36517 16.3265 2060674566
3.93339 8.70344 2060674566
4.40206 8.13184 2060674566
-11.8309 13.3007 2060674566
-12.0748 12.6036 2060674566
27.5941 67.1562 2060674566
27.1576 68.5127 2060674566
26.8108 66.4534 2060674566
-23.985 58.3066 2060674566
-3.68265 15.5532 2060674566
20.7361 55.6848 2060674566
21.0987 55.0531 2060674566
14.6435 14.0736 2060674566
-22.2654 56.2054 2060674566
15.0995 14.7937 2060674566
-21.0853 12.1844 2060674566
-20.6237 11.6466 2060674566
-4.05767 9.10686 2060674566
9.36423 13.929 2060674566
-18.6069 63.5168 2060674566
-10.9391 11.2561 2060674566
18.927 59.9193 2060674566
-29.5036 66.1413 2060674566
-29.5457 71.0875 2060674566
-29.7756 70.2929 2060674566
-30.2344 65.8037 2060674566
-24.76 56.6198 2060674566
-28.3743 61.1893 2060674566
13.5504 12.7315 2060674566
18.3183 52.9077 2060674566
19.1098 53.0286 2060674566
27.9988 63.8253 2060674566
28.6639 64.2686 2060674566
9.20402 11.6171 2060674566
23.3551 57.168 2060674566
-26.5537 56.8148 2060674566
-7.71947 12.5885 2060674566
-29.291 66.9009 2060674566
-30.3438 66.7841 2060674566
24.8761 66.0272 2060674566
-26.7338 67.3973 2060674566
-19.2112 62.2629 2060674566
-19.1242 61.4841 2060674566
15.8348 15.6061 2060674566
15.7695 16.3861 2060674566
-19.1693 59.7029 2060674566
-19.3916 60.4505 2060674566
30.6951 63.8813 2060674566
31.1787 63.2712 2060674566
-24.6736 57.6686 2060674566
-17.1416 55.7057 2060674566
30.7321 61.0253 2060674566
29.9687 61.143 2060674566
21.2366 61.4379 2060674566
20.257 57.5651 2060674566
23.9195 65.1162 2060674566
21.8612 66.1141 2060674566
22.1552 65.538 2060674566
-18.1476 59.2254 2060674566
17.7598 56.0936 2060674566
29.9326 68.4339 2060674566
21.3025 13.074 2060674566
21.9278 13.1613 2060674566
-29.948 67.4111 2060674566
14.279 17.5879 2060674566
14.7819 17.2087 2060674566
-26.6136 59.221 2060674566
-27.2376 68.0896 2060674566
-30.1468 68.1099 2060674566
20.7902 57.9371 2060674566
26.0633 58.5011 2060674566
-28.5256 65.4123 2060674566
-32.1945 66.5657 2060674566
10.1535 14.8652 2060674566
9.77376 15.3405 2060674566
22.3012 55.6603 2060674566
21.7273 55.8606 2060674566
-32.5369 61.1051 2060674566
-31.9994 60.826 2060674566
-20.4457 58.1027 2060674566
7.46473 16.1795 2060674566
7.3625 16.7742 2060674566
-19.8451 59.4755 2060674566
-29.0238 61.4582 2060674566
-24.7395 59.4883 2060674566
-21.6693 61.8984 2060674566
13.396 14.9712 2060674566
12.7988 14.5923 2060674566
-14.8109 12.4706 2060674566
23.1361 57.8848 2060674566
-20.3079 13.4334 2060674566
-20.9648 13.6328 2060674566
-20.0623 64.4999 2060674566
-20.1648 63.8247 2060674566
0.00813957 7.27024 2060674566
-5.82531 15.3205 2060674566
7.94832 11.0844 2060674566
16.2678 10.7343 2060674566
16.6376 10.1692 2060674566
22.0616 64.6273 2060674566
20.5376 62.4985 2060674566
-8.14056 16.1347 2060674566
18.5416 55.8459 2060674566
19.1088 55.4951 2060674566
10.6586 12.0649 2060674566
24.3657 67.569 2060674566
-2.47165 15.5798 2060674566
-24.4479 67.392 2060674566
-24.5793 68.0388 2060674566
0.278515 10.9638 2060674566
-27.8223 65.9398 2060674566
-23.5382 57.6359 2060674566
-26.1804 62.9379 2060674566
-25.7114 64.037 2060674566
27.0896 58.5218 2060674566
2.42961 16.91 2060674566
20.9338 11.6387 2060674566
-30.7001 61.2264 2060674566
-1.74926 16.6959 2060674566
-32.1308 62.4968 2060674566
15.7459 56.2454 2060674566
16.2185 57.6956 2060674566
-27.0889 69.7259 2060674566
-28.24 59.277 2060674566
-29.0521 58.0732 2060674566
-23.8592 69.7175 2060674566
6.11623 4.61897 2060674566
6.81386 5.84136 2060674566
-28.6206 68.3074 2060674566
-23.4024 68.3658 2060674566
-0.046561 16.7793 2060674566
17.9755 10.7716 2060674566
-19.1246 13.7767 2060674566
-10.0813 7.94506 2060674566
11.4954 8.33207 2060674566
-12.5337 6.21451 2060674566
-3.68094 7.88852 2060674566
-12.7092 17.3038 2060674566
-11.8931 16.3025 2060674566
14.5097 16.1493 2060674566
21.0681 63.3126 2060674566
-21.1157 10.6626 2060674566
-21.3266 9.43966 2060674566
-16.2367 55.3045 2060674566
-9.38555 16.7265 2060674566
-13.6117 10.7881 2060674566
32.1334 68.4608 2060674566
25.9277 70.2174 2060674566
-22.2271 18.5234 2060674566
-11.5592 19.9812 2060674566
21.9162 5.74845 2060674566
34.4851 61.5844 2060674566
16.7298 49.0066 2060674566
36.1383 71.1094 2060674566
17.1051 64.2742 2060674566
20.9388 14.7666 2060674566
-26.6245 55.3224 2060674566
-35.1759 70.759 2060674566
-33.868 62.5942 2060674566
28.5424 71.1278 2060674566
-28.7543 12.895 2060674566
-30.361 10.4618 2060674566
-19.6007 52.5642 2060674566
-0.64264 8.55997 2060674566
34.1601 66.4727 2060674566
-1.64844 6.85857 2060674566
21.2436 8.3794 2060674566
8.03517 6.81194 2060674566
17.1777 17.1962 2060674566
-15.79 58.6771 2060674566
-21.4275 7.99255 2060674566
22.3632 10.8021 2060674566
-17.5727 57.138 2060674566
-12.7626 8.54724 2060674566
-23.9323 55.3802 2060674566
-34.7491 68.5909 2060674566
19.5961 9.44598 2060674566
18.5196 8.19747 2060674566
-7.13206 14.933 2060674566
3.08371 13.2322 2060674566
30.3287 69.6509 2060674566
-31.0553 64.435 2060674566
19.9473 64.4636 2060674566
-32.1457 70.8638 2060674566
-31.2408 70.6699 2060674566
5.34418 7.48643 2060674566
5.10862 8.38094 2060674566
-10.5799 14.4801 2060674566
23.0134 65.4117 2060674566
-11.4741 7.49145 2060674566
-12.3276 7.22713 2060674566
8.27741 17.9485 2060674566
15.3552 8.88515 2060674566
17.4651 55.1213 2060674566
16.9478 13.4587 2060674566
9.63268 17.0487 2060674566
9.59443 16.1798 2060674566
-27.7435 71.2618 2060674566
-28.2378 70.5549 2060674566
13.6134 10.9201 2060674566
-23.353 56.6914 2060674566
-5.35213 8.69413 2060674566
-6.21091 8.72318 2060674566
20.0707 55.2388 2060674566
-13.5567 14.727 2060674566
-23.8685 10.51 2060674566
-23.2823 11.1284 2060674566
22.2133 56.5833 2060674566
30.7665 65.565 2060674566
29.0272 69.3793 2060674566
25.8893 67.648 2060674566
-31.5874 67.209 2060674566
-14.1472 17.1458 2060674566
-15.1049 16.453 2060674566
33.0292 69.4975 2060674566
-13.5491 9.51751 2060674566
-20.263 14.2676 2060674566
-20.1518 55.0264 2060674566
-34.2082 67.5198 2060674566
-34.424 66.4353 2060674566
23.7565 67.0193 2060674566
12.9865 8.92894 2060674566
-2.96736 8.95791 2060674566
-18.1816 12.1883 2060674566
26.9508 59.4448 2060674566
15.6432 9.59159 2060674566
27.9728 69.7299 2060674566
28.121 68.6985 2060674566
-32.5061 68.1763 2060674566
8.6639 15.5495 2060674566
-1.91882 8.63785 2060674566
-2.51193 7.79262 2060674566
-19.1876 9.56953 2060674566
-18.5431 10.3681 2060674566
-22.8165 67.0981 2060674566
27.9705 60.0975 2060674566
11.5931 11.6763 2060674566
11.8979 14.4785 2060674566
-17.3687 59.1133 2060674566
-17.6217 58.1514 2060674566
20.0629 60.1561 2060674566
-18.8612 59.2882 2060674566
-23.1847 57.9645 2060674566
-23.195 58.4191 2060674566
-30.3272 63.0271 2060674566
-29.9666 62.7521 2060674566
-23.3482 60.4552 2060674566
-0.260436 9.55781 2060674566
-0.662242 9.7644 2060674566
-9.34482 12.0234 2060674566
-14.7318 15.0171 2060674566
-22.6878 60.1866 2060674566
-11.2498 8.8698 2060674566
-10.8013 8.85768 2060674566
-3.20897 14.7377 2060674566
-0.462019 13.9673 2060674566
22.7126 63.4136 2060674566
20.5047 60.0815 2060674566
25.5418 59.5059 2060674566
-26.9083 64.6803 2060674566
-0.208424 10.5522 2060674566
-1.11512 16.2564 2060674566
-0.708389 16.4319 2060674566
28.0492 66.0099 2060674566
-23.6642 64.4511 2060674566
10.1885 12.936 2060674566
-5.44964 13.1214 2060674566
-5.71804 12.774 2060674566
-28.9456 60.3304 2060674566
-28.6689 60.6705 2060674566
3.22048 12.5485 2060674566
6.98619 9.35781 2060674566
-20.6562 61.3948 2060674566
4.40816 12.2261 2060674566
-27.8229 60.9097 2060674566
-23.854 66.0752 2060674566
-30.7253 66.0904 2060674566
-30.9589 66.5086 2060674566
-5.66695 13.7875 2060674566
28.1258 65.3963 2060674566
20.2813 58.349 2060674566
-29.0859 64.0584 2060674566
-28.9771 63.5959 2060674566
-31.6008 68.909 2060674566
17.1405 56.2148 2060674566
1.86633 11.5696 2060674566
3.68063 6.84304 2060674566
3.77289 7.30525 2060674566
-5.16361 14.0997 2060674566
23.1714 64.732 2060674566
23.4484 64.3517 2060674566
2.22634 9.50781 2060674566
8.6555 13.3407 2060674566
-30.2767 68.9403 2060674566
-30.6754 69.1811 2060674566
20.5637 57.1306 2060674566
20.8924 56.8013 2060674566
-20.5422 58.9122 2060674566
-29.1674 62.0341 2060674566
-26.0009 65.5761 2060674566
-26.2963 65.9313 2060674566
-2.01468 13.5541 2060674566
-21.7198 57.6406 2060674566
15.6997 12.0196 2060674566
7.17865 8.95234 2060674566
-29.2341 64.4694 2060674566
-29.6469 64.4932 2060674566
-29.2687 63.0825 2060674566
4.47709 10.7401 2060674566
29.8927 65.2593 2060674566
29.6543 65.5929 2060674566
-1.36918 11.3784 2060674566
-9.22364 15.0713 2060674566
-9.48796 15.3833 2060674566
-2.50276 10.3546 2060674566
23.253 59.1379 2060674566
-7.09818 11.0992 2060674566
-22.93 57.3388 2060674566
16.1029 11.9642 2060674566
6.76902 8.89294 2060674566
-14.7897 9.58655 2060674566
-14.5809 9.9355 2060674566
-24.6306 58.7436 2060674566
4.66364 14.0233 2060674566
9.963 13.3986 2060674566
-23.5537 63.8585 2060674566
-4.36136 9.6625 2060674566
-32.0442 64.9556 2060674566
-31.8548 64.5999 2060674566
20.1429 58.8842 2060674566
20.5265 58.7623 2060674566
-0.571473 15.9414 2060674566
-0.174376 16.1356 2060674566
-0.197243 15.7345 2060674566
-28.2115 64.4314 2060674566
-29.5869 67.7454 2060674566
-29.5055 68.1718 2060674566
-24.2782 59.6194 2060674566
-21.3482 60.7443 2060674566
-1.0025 11.7858 2060674566
-10.5321 13.8286 2060674566
-10.4445 13.4129 2060674566
-4.57179 13.7393 2060674566
-27.4342 63.8556 2060674566
-14.1405 14.4983 2060674566
-14.4704 14.2319 2060674566
10.2073 10.1392 2060674566
10.6156 10.028 2060674566
-6.34647 15.4591 2060674566
7.50295 14.6019 2060674566
-14.4709 13.2446 2060674566
5.52414 13.7684 2060674566
20.8867 59.7386 2060674566
-18.9673 63.1431 2060674566
-17.5621 11.2923 2060674566
-17.3812 10.9144 2060674566
13.4685 14.448 2060674566
13.3321 14.0522 2060674566
3.65286 13.8475 2060674566
-22.3874 58.3837 2060674566
-22.4863 57.978 2060674566
-2.6507 14.94 2060674566
6.53632 9.72773 2060674566
1.50074 14.6639 2060674566
-28.5272 62.904 2060674566
11.3589 10.981 2060674566
31.5392 66.1454 2060674566
-7.26713 13.5513 2060674566
13.0986 11.4008 2060674566
6.5467 12.6963 2060674566
0.78747 7.27703 2060674566
0.500908 7.7574 2060674566
11.0934 14.6654 2060674566
10.9289 15.1983 2060674566
-29.5888 63.8306 2060674566
16.9828 12.7582 2060674566
16.9655 12.2017 2060674566
23.8961 62.6188 2060674566
0.982347 14.8523 2060674566
30.2191 62.3757 2060674566
29.0049 68.1663 2060674566
31.8615 66.6058 2060674566
23.9339 64.3734 2060674566
23.6833 58.2738 2060674566
-8.53673 12.6632 2060674566
-8.67029 12.136 2060674566
18.8719 60.7035 2060674566
-21.2792 60.0256 2060674566
-19.9342 60.549 2060674566
-5.57644 18.0194 2060674566
-5.40926 17.5057 2060674566
12.6068 10.2636 2060674566
12.4596 10.7809 2060674566
2.34662 10.9687 2060674566
31.8413 69.4653 2060674566
31.932 69.9943 2060674566
-15.4972 13.6824 2060674566
19.4306 11.6566 2060674566
20.579 64.381 2060674566
21.1191 64.1247 2060674566
-15.6719 12.8253 2060674566
-15.7622 12.2374 2060674566
29.8931 66.0081 2060674566
31.8209 64.5002 2060674566
-0.881604 10.197 2060674566
-13.89 13.0325 2060674566
-21.5963 58.5433 2060674566
18.9391 58.7503 2060674566
-16.5844 13.7812 2060674566
-16.2704 14.2791 2060674566
-26.0041 61.0654 2060674566
-22.8341 60.9185 2060674566
-30.2419 62.3123 2060674566
-14.9678 13.7312 2060674566
18.9908 12.0409 2060674566
-28.9727 64.8293 2060674566
8.11768 10.5199 2060674566
-12.7193 12.9295 2060674566
-12.4732 11.1669 2060674566
1.8876 15.4972 2060674566
21.8008 62.9507 2060674566
-20.4774 60.5716 2060674566
12.8569 13.5934 2060674566
12.2898 13.635 2060674566
12.3453 12.2745 2060674566
-9.36696 10.2661 2060674566
-9.51978 10.8102 2060674566
-11.7565 11.187 2060674566
-4.3071 16.0133 2060674566
29.3023 66.9108 2060674566
30.5467 65.0151 2060674566
30.3757 64.539 2060674566
-28.6328 66.5711 2060674566
-28.2975 66.9498 2060674566
21.6888 57.4995 2060674566
-20.7185 64.6027 2060674566
15.331 13.1079 2060674566
-21.1169 63.3656 2060674566
-20.9109 62.9109 2060674566
3.56951 15.206 2060674566
-1.22008 13.4465 2060674566
-0.394715 11.8066 2060674566
10.5108 14.1831 2060674566
-4.33681 16.5091 2060674566
-7.05726 10.4877 2060674566
-21.0529 13.043 2060674566
-20.613 12.8139 2060674566
-21.2098 64.4453 2060674566
-10.9205 12.5008 2060674566
0.890475 8.69047 2060674566
26.0203 64.689 2060674566
4.98772 10.5403 2060674566
-6.80141 11.9041 2060674566
29.9175 67.7794 2060674566
26.4085 59.1245 2060674566
29.7007 62.417 2060674566
-24.0783 56.8814 2060674566
-24.1617 57.3621 2060674566
-21.9194 59.1509 2060674566
23.3238 66.2192 2060674566
-23.0416 63.8791 2060674566
-25.2939 62.1846 2060674566
9.55096 9.03475 2060674566
9.17844 9.40745 2060674566
2.54214 13.9018 2060674566
-16.9718 12.2968 2060674566
26.2266 63.8201 2060674566
11.0254 14.0615 2060674566
7.79669 8.93937 2060674566
8.17724 8.58164 2060674566
25.5823 60.6987 2060674566
13.8782 9.87331 2060674566
-26.7162 58.5706 2060674566
-26.3879 64.5258 2060674566
-27.746 62.4309 2060674566
24.3462 62.3855 2060674566
23.4964 65.7331 2060674566
23.923 59.7695 2060674566
24.3895 59.5507 2060674566
29.3916 63.1592 2060674566
-15.3938 11.4336 2060674566
-15.6241 10.9734 2060674566
-20.0316 57.4592 2060674566
2.23393 8.73487 2060674566
2.2362 8.2216 2060674566
-9.85978 15.1327 2060674566
-25.0985 69.1182 2060674566
-20.8298 56.155 2060674566
29.5317 63.8579 2060674566
-7.43916 10.8245 2060674566
8.36937 10.0004 2060674566
22.8306 61.1981 2060674566
4.19629 12.6064 2060674566
4.18614 12.716 2060674566
-7.34896 16.2359 2060674566
-7.28205 16.3223 2060674566
-26.2504 66.394 2060674566
-26.273 66.5009 2060674566
-27.4683 66.9581 2060674566
-27.4115 67.0513 2060674566
24.0519 57.7627 2060674566
24.1597 57.7457 2060674566
-8.18933 10.9851 2060674566
-8.08077 10.9808 2060674566
22.5938 61.9098 2060674566
8.44868 9.9266 2060674566
22.841 61.0874 2060674566
-21.5194 59.1201 2060674566
-21.4333 59.1841 2060674566
2.09957 14.6667 2060674566
2.08428 14.7723 2060674566
-22.7001 61.5094 2060674566
-22.7477 61.6043 2060674566
-8.27768 10.4403 2060674566
-8.209 10.521 2060674566
-26.7283 64.0056 2060674566
-26.6327 63.9604 2060674566
-26.1403 63.6056 2060674566
-26.2371 63.5635 2060674566
-8.68175 15.7669 2060674566
-8.72605 15.6711 2060674566
-22.051 60.3283 2060674566
-27.8082 63.5638 2060674566
3.25196 12.0531 2060674566
3.27432 11.9376 2060674566
2.69741 14.4329 2060674566
2.76233 14.5304 2060674566
-7.81339 9.82969 2060674566
-7.71483 9.77016 2060674566
24.9499 59.4466 2060674566
-6.79536 13.7674 2060674566
-6.75746 13.659 2060674566
-25.1216 63.1445 2060674566
-24.3685 63.7125 2060674566
-24.3674 63.5987 2060674566
-9.01079 11.1622 2060674566
-9.1087 11.2194 2060674566
-27.6975 63.5878 2060674566
3.0575 13.9586 2060674566
0.0951699 12.4102 2060674566
0.0683627 12.3002 2060674566
-29.2674 62.6147 2060674566
-29.2658 62.7278 2060674566
-6.94191 11.4 2060674566
-6.86999 11.4871 2060674566
22.8603 64.4309 2060674566
22.7505 64.4083 2060674566
-4.85508 12.4082 2060674566
-4.96106 12.372 2060674566
-2.65895 12.0071 2060674566
-2.72535 11.917 2060674566
-20.7153 58.5413 2060674566
-20.7543 58.4369 2060674566
-24.5781 65.4175 2060674566
4.70353 13.614 2060674566
22.809 61.7866 2060674566
22.8142 61.685 2060674566
8.7278 12.9668 2060674566
8.82367 12.9975 2060674566
-25.3249 63.4232 2060674566
-25.4247 63.4189 2060674566
-24.3119 60.6415 2060674566
-32.5245 66.0701 2060674566
-32.6183 66.1006 2060674566
-3.09897 14.2559 2060674566
-3.14612 14.3425 2060674566
28.9075 63.6677 2060674566
29.003 63.6918 2060674566
-24.4829 65.3938 2060674566
4.67279 13.5167 2060674566
-0.573501 15.3909 2060674566
-0.601063 15.297 2060674566
-7.21489 12.7623 2060674566
-7.15299 12.8412 2060674566
-25.2969 60.3057 2060674566
-25.2273 60.3741 2060674566
22.4962 61.8822 2060674566
22.5311 61.7911 2060674566
25.6421 62.189 2060674566
25.7395 62.1908 2060674566
-25.3731 60.1136 2060674566
-25.2836 60.1518 2060674566
21.4554 59.6016 2060674566
21.5493 59.6237 2060674566
-0.0721655 15.2805 2060674566
3.14072 14.0233 2060674566
-21.9876 60.222 2060674566
-21.9403 60.3156 2060674566
30.1889 63.8324 2060674566
30.0846 63.8425 2060674566
-22.4849 62.99 2060674566
-22.474 63.0942 2060674566
-24.9718 63.8039 2060674566
-25.0739 63.7827 2060674566
23.0535 58.5252 2060674566
23.1281 58.4526 2060674566
3.83116 12.3759 2060674566
3.78544 12.2826 2060674566
-5.22941 10.2226 2060674566
-0.175264 15.2904 2060674566
-23.5103 62.4434 2060674566
-3.20406 11.9648 2060674566
-3.28168 12.033 2060674566
-24.9149 64.8957 2060674566
-25.0165 64.8789 2060674566
-3.79912 12.7815 2060674566
-3.85372 12.6942 2060674566
0.736094 12.4948 2060674566
0.837181 12.4757 2060674566
-9.88356 13.3219 2060674566
-9.9193 13.2257 2060674566
25.2826 63.7936 2060674566
25.1903 63.8375 2060674566
-27.3814 62.739 2060674566
-27.4016 62.8391 2060674566
6.37364 13.3231 2060674566
-23.8717 63.8164 2060674566
22.7022 61.1719 2060674566
2.96885 10.7504 2060674566
3.10155 10.7632 2060674566
3.09247 14.6696 2060674566
3.11444 14.8002 2060674566
-14.2687 13.7613 2060674566
-14.2018 13.6474 2060674566
22.2056 59.7635 2060674566
-7.6809 14.1071 2060674566
-7.7465 14.2214 2060674566
-1.29916 12.6809 2060674566
24.1544 61.6982 2060674566
24.2713 61.7577 2060674566
6.50057 13.3554 2060674566
-24.0047 63.8022 2060674566
-9.10834 12.9608 2060674566
-9.01464 13.0523 2060674566
25.931 62.7446 2060674566
26.0411 62.674 2060674566
-2.59339 12.6075 2060674566
-2.72248 12.5873 2060674566
-23.7423 58.9004 2060674566
-23.6622 59.0033 2060674566
-6.35491 11.7655 2060674566
-24.9601 62.7914 2060674566
-24.9785 62.664 2060674566
26.81 62.381 2060674566
26.7709 62.5035 2060674566
-28.6208 66.0524 2060674566
-28.4955 66.0765 2060674566
-1.73686 14.6764 2060674566
-8.61619 14.533 2060674566
-10.9339 13.1302 2060674566
-11.0739 13.1463 2060674566
9.70024 11.6986 2060674566
9.83986 11.7075 2060674566
12.7611 11.7973 2060674566
12.897 11.7681 2060674566
30.0809 63.7102 2060674566
23.997 64.0693 2060674566
24.1105 63.9892 2060674566
0.277816 14.9198 2060674566
0.338164 14.7947 2060674566
23.5261 60.874 2060674566
-19.7232 58.1154 2060674566
-19.792 57.9951 2060674566
24.9213 61.47 2060674566
-1.76961 14.8107 2060674566
1.77111 12.38 2060674566
-24.9836 68.58 2060674566
-25.1081 68.6373 2060674566
-0.234903 11.2674 2060674566
-0.368389 11.2893 2060674566
24.9723 63.6657 2060674566
25.0139 63.5374 2060674566
-24.8267 63.7044 2060674566
-24.747 63.8128 2060674566
3.82189 11.6354 2060674566
-25.1262 61.3614 2060674566
-25.1871 61.2297 2060674566
-25.2751 61.3307 2060674566
28.3052 67.1435 2060674566
-24.984 62.3353 2060674566
-24.9363 62.4462 2060674566
21.3484 59.0153 2060674566
21.4643 58.9819 2060674566
25.9877 59.0482 2060674566
25.9695 59.1673 2060674566
-16.4919 10.9928 2060674566
-16.593 10.9052 2060674566
-16.4818 10.8602 2060674566
21.593 59.199 2060674566
21.6301 59.085 2060674566
26.3416 62.359 2060674566
26.2221 62.3551 2060674566
3.30049 10.8762 2060674566
3.27707 10.759 2060674566
10.3426 12.5579 2060674566
28.4212 67.1701 2060674566
26.6798 63.4795 2060674566
26.0311 65.0657 2060674566
25.9131 65.0776 2060674566
-26.9504 65.1265 2060674566
-26.9323 65.0095 2060674566
6.35791 14.462 2060674566
6.46378 14.4092 2060674566
-23.1908 62.2997 2060674566
-23.1739 62.4166 2060674566
5.32444 12.7986 2060674566
5.26233 12.9141 2060674566
5.20346 12.8118 2060674566
-23.3927 62.4483 2060674566
4.34227 13.0945 2060674566
-24.967 61.008 2060674566
-25.0907 61.0342 2060674566
-23.011 63.1182 2060674566
5.3285 11.561 2060674566
5.45072 11.5348 2060674566
-22.3723 62.2376 2060674566
-22.3959 62.1152 2060674566
3.62816 10.1359 2060674566
3.75092 10.1548 2060674566
-6.48866 11.8338 2060674566
-6.38241 11.8979 2060674566
-24.7531 61.9883 2060674566
-24.6484 62.0547 2060674566
-27.9561 64.8403 2060674566
-28.0118 64.7296 2060674566
-7.36591 11.6737 2060674566
1.9165 12.4073 2060674566
1.8517 12.5117 2060674566
6.13141 14.6636 2060674566
6.23651 14.6 2060674566
-0.0221613 13.6759 2060674566
-0.0123745 13.5536 2060674566
32.1787 67.2059 2060674566
32.189 67.0845 2060674566
25.8628 59.0704 2060674566
-8.96298 12.4823 2060674566
-8.92058 12.5963 2060674566
-23.868 60.0403 2060674566
-23.9304 59.9362 2060674566
10.2642 12.4653 2060674566
-4.97889 14.6431 2060674566
-6.37682 10.5795 2060674566
-6.33412 10.5441 2060674566
-22.9422 62.0577 2060674566
-22.9904 62.0837 2060674566
25.5532 62.3947 2060674566
25.5814 62.3482 2060674566
25.042 61.4578 2060674566
25.0433 61.4043 2060674566
-25.1572 63.015 2060674566
-25.1763 63.0638 2060674566
21.721 61.7344 2060674566
21.6694 61.7259 2060674566
26.673 63.5767 2060674566
26.6377 63.6151 2060674566
-5.01555 14.6061 2060674566
-10.482 12.0018 2060674566
-27.902 64.0711 2060674566
-27.8519 64.0848 2060674566
-26.621 63.3289 2060674566
-26.6558 63.3647 2060674566
-2.73976 11.2269 2060674566
-2.69253 11.2126 2060674566
25.8453 63.2515 2060674566
25.8598 63.2984 2060674566
7.06934 12.5528 2060674566
7.08882 12.5088 2060674566
26.3541 61.6184 2060674566
26.3163 61.6469 2060674566
-9.74327 12.9036 2060674566
-9.69732 12.9129 2060674566
-2.03428 14.0012 2060674566
-11.2535 13.7138 2060674566
-23.2793 59.8409 2060674566
-23.2826 59.7772 2060674566
23.5863 62.2489 2060674566
23.5239 62.262 2060674566
26.0192 60.3996 2060674566
26.0776 60.4241 2060674566
3.82159 11.4875 2060674566
3.82551 11.5493 2060674566
-1.23921 11.1116 2060674566
-1.17797 11.1188 2060674566
-23.2394 61.5253 2060674566
-23.2182 61.4678 2060674566
3.1442 9.16313 2060674566
3.2025 9.1466 2060674566
-11.2829 13.6618 2060674566
-2.0659 14.0355 2060674566
26.391 61.6537 2060674566
-25.3966 56.1015 2060674566
-25.424 56.1543 2060674566
-22.9165 64.8588 2060674566
-22.9613 64.8977 2060674566
0.532989 15.2496 2060674566
0.501857 15.2992 2060674566
23.9398 61.2591 2060674566
23.8867 61.2354 2060674566
-8.76315 11.2521 2060674566
-8.72691 11.2074 2060674566
-26.4204 65.1358 2060674566
-26.4611 65.1761 2060674566
-10.5162 12.0474 2060674566
-5.88826 14.8455 2060674566
-1.35629 12.9466 2060674566
2.33871 12.263 2060674566
2.36913 12.2853 2060674566
-7.21761 14.0826 2060674566
-7.20151 14.1165 2060674566
-6.35289 12.1167 2060674566
-6.34843 12.1537 2060674566
25.6122 57.5838 2060674566
25.645 57.6007 2060674566
-7.02627 11.548 2060674566
-6.99111 11.5461 2060674566
23.6035 61.0036 2060674566
23.6107 60.9697 2060674566
2.73491 10.6785 2060674566
2.76745 10.6812 2060674566
-1.35116 12.9092 2060674566
-5.90776 14.8199 2060674566
4.29603 12.9701 2060674566
4.26759 12.959 2060674566
25.085 59.7631 2060674566
25.0599 59.7768 2060674566
-27.6963 63.9697 2060674566
-27.6708 63.9587 2060674566
-13.1921 13.25 2060674566
-13.1962 13.2732 2060674566
-5.22509 10.3352 2060674566
-5.23896 10.3171 2060674566
0.294454 14.4389 2060674566
0.308471 14.438 2060674566
0.698523 13.1986 2060674566
-0.382752 12.6771 2060674566
2.09018 13.8651 2060674566
2.06011 13.9006 2060674566
24.0899 62.2528 2060674566
24.074 62.2952 2060674566
28.0975 67.6462 2060674566
28.1414 67.6356 2060674566
22.6083 60.9021 2060674566
22.5769 60.8699 2060674566
0.334862 11.9506 2060674566
0.377125 11.9645 2060674566
-14.4307 12.0849 2060674566
-14.4228 12.0412 2060674566
-22.6517 62.1848 2060674566
-22.694 62.1978 2060674566
-0.366862 12.6364 2060674566
-2.75631 11.1696 2060674566
4.28636 13.0074 2060674566
29.0877 65.0015 2060674566
0.763507 12.8733 2060674566
0.762485 12.9147 2060674566
29.0932 65.0516 2060674566
29.1237 65.0241 2060674566
0.717065 11.1034 2060674566
0.754904 11.0882 2060674566
27.1837 63.2015 2060674566
27.2186 63.2183 2060674566
-3.49203 10.7963 2060674566
-3.52331 10.7736 2060674566
5.71494 12.0258 2060674566
5.73368 11.9925 2060674566
-3.89555 11.6927 2060674566
29.7566 61.925 2060674566
29.6686 61.9334 2060674566
-2.48064 13.3072 2060674566
-2.40519 13.2637 2060674566
-25.4173 66.2679 2060674566
-25.4753 66.3327 2060674566
-9.54559 14.7361 2060674566
-9.5938 14.6645 2060674566
26.4268 65.1275 2060674566
26.4978 65.0799 2060674566
26.4393 61.6051 2060674566
4.94937 14.2718 2060674566
4.94403 14.3566 2060674566
25.4882 63.9404 2060674566
25.4066 63.9171 2060674566
-3.39583 11.0702 2060674566
-3.9777 11.7117 2060674566
-7.13522 12.7257 2060674566
-7.07627 12.7854 2060674566
3.90464 11.4976 2060674566
-1.2799 12.7688 2060674566
-1.24775 12.846 2060674566
-1.08421 9.49725 2060674566
-1.02481 9.43875 2060674566
1.4071 12.9006 2060674566
1.38518 12.8202 2060674566
-23.1499 63.1991 2060674566
-23.1051 63.1289 2060674566
-23.3298 60.1217 2060674566
-23.408 60.0955 2060674566
1.37232 9.46127 2060674566
1.80455 10.9741 2060674566
-7.35136 11.769 2060674566
22.597 61.1157 2060674566
22.6326 61.0264 2060674566
8.10418 10.1606 2060674566
8.06841 10.0718 2060674566
7.59349 11.4132 2060674566
7.57071 11.5059 2060674566
2.9659 13.7703 2060674566
2.88197 13.8146 2060674566
-20.4115 56.9648 2060674566
-20.4325 57.0572 2060674566
24.5543 63.5606 2060674566
24.5006 63.4831 2060674566
9.18313 14.5474 2060674566
9.0989 14.5102 2060674566
1.41615 9.39147 2060674566
1.89569 10.9859 2060674566
-24.8188 64.2322 2060674566
-24.8929 64.1783 2060674566
-30.1817 63.7434 2060674566
-30.2501 63.6826 2060674566
22.0077 63.9975 2060674566
21.9574 63.9211 2060674566
-0.945691 12.6252 2060674566
-0.893657 12.5509 2060674566
30.3604 63.1169 2060674566
30.28 63.1568 2060674566
24.7583 61.5289 2060674566
24.8427 61.5569 2060674566
-3.42534 10.9868 2060674566
-22.7851 62.3165 2060674566
-21.7348 64.6548 2060674566
-21.7758 64.7148 2060674566
-1.60595 11.5991 2060674566
-1.58959 11.6692 2060674566
31.372 67.1252 2060674566
31.4092 67.1868 2060674566
-6.86524 12.7859 2060674566
-6.88567 12.718 2060674566
-6.5462 14.2428 2060674566
-6.51196 14.3032 2060674566
-22.1336 61.1785 2060674566
-22.17 61.1195 2060674566
6.86922 14.6826 2060674566
6.90585 14.741 2060674566
-22.7174 62.3188 2060674566
-27.695 64.3586 2060674566
13.1377 12.0011 2060674566
13.1634 12.0636 2060674566
27.1656 64.2619 2060674566
27.1516 64.3274 2060674566
3.41441 14.9181 2060674566
3.34871 14.9287 2060674566
25.0532 59.3648 2060674566
24.9898 59.3484 2060674566
-24.3631 60.6983 2060674566
-24.4283 60.6923 2060674566
11.4553 13.7725 2060674566
11.505 13.73 2060674566
22.0718 59.8478 2060674566
22.1363 59.8478 2060674566
-26.5901 63.2358 2060674566
-23.4758 63.4473 2060674566
-23.5418 63.3984 2060674566
2.83271 10.6822 2060674566
23.2359 60.1651 2060674566
23.1563 60.1796 2060674566
26.982 64.9011 2060674566
27.0545 64.9369 2060674566
-23.8866 64.1691 2060674566
-23.9192 64.0952 2060674566
-5.32221 12.6238 2060674566
-5.25112 12.5865 2060674566
6.10428 10.1931 2060674566
6.04531 10.2473 2060674566
24.0985 63.7341 2060674566
24.1696 63.7669 2060674566
-8.7577 14.5407 2060674566
-26.5208 63.1998 2060674566
-6.66853 15.2441 2060674566
-6.74479 15.2331 2060674566
25.9348 61.4582 2060674566
25.9355 61.3814 2060674566
-4.24575 14.6767 2060674566
-4.21254 14.6096 2060674566
23.2571 60.3062 2060674566
23.2758 60.3776 2060674566
27.9586 64.9858 2060674566
27.9809 65.056 2060674566
10.4642 16.4875 2060674566
10.5078 16.5468 2060674566
-27.75 64.4072 2060674566
0.448216 15.4668 2060674566
2.1088 12.6235 2060674566
2.10713 12.8295 2060674566
24.5236 65.3733 2060674566
24.7198 65.3109 2060674566
-0.183873 13.7356 2060674566
6.04271 12.5691 2060674566
-22.6448 61.2119 2060674566
-22.4436 61.2548 2060674566
-2.1487 11.3575 2060674566
-1.97868 11.242 2060674566
24.2163 63.2364 2060674566
24.278 63.4319 2060674566
-21.4855 58.9475 2060674566
-5.48561 11.6597 2060674566
-5.29377 11.7313 2060674566
-5.09607 12.4749 2060674566
22.6953 60.0861 2060674566
22.6046 60.2684 2060674566
-0.191319 14.4098 2060674566
-0.394058 14.409 2060674566
-28.9171 62.5258 2060674566
-28.9166 62.3232 2060674566
-26.1253 64.8551 2060674566
-26.0479 65.0421 2060674566
-6.49171 11.0955 2060674566
-6.29504 11.0478 2060674566
-2.26304 13.1939 2060674566
1.7581 8.54312 2060674566
1.60199 8.67072 2060674566
23.2554 58.3733 2060674566
-1.82872 11.6623 2060674566
3.58362 12.9057 2060674566
15.749 14.7892 2060674566
-3.57679 12.8059 2060674566
23.7788 60.916 2060674566
-3.96328 11.3973 2060674566
-4.09722 11.5618 2060674566
7.49874 15.0038 2060674566
7.7102 15.0182 2060674566
-1.16625 10.9076 2060674566
-2.56131 14.4925 2060674566
-2.43724 14.664 2060674566
-4.18348 10.8021 2060674566
-4.34005 10.9445 2060674566
-11.2929 14.0645 2060674566
-11.1418 13.917 2060674566
3.78994 12.8639 2060674566
-1.96142 11.5119 2060674566
20.1164 61.9018 2060674566
19.9716 61.7492 2060674566
1.90724 14.0077 2060674566
13.0066 11.6723 2060674566
25.7564 64.4057 2060674566
-0.797485 13.3219 2060674566
-0.755041 13.1173 2060674566
-20.7889 57.6078 2060674566
-20.6138 57.495 2060674566
20.5669 59.6428 2060674566
20.4488 59.4714 2060674566
-27.0245 65.2588 2060674566
29.9654 68.9861 2060674566
30.1193 69.1257 2060674566
8.21203 13.1778 2060674566
-22.6047 57.306 2060674566
25.7936 61.5519 2060674566
-2.68555 10.9261 2060674566
8.74203 14.6016 2060674566
8.60532 14.7384 2060674566
28.2136 66.6693 2060674566
-22.2573 61.3106 2060674566
-21.0606 56.4001 2060674566
-21.2172 56.511 2060674566
-25.0276 58.4382 2060674566
-24.8894 58.5702 2060674566
7.9414 9.99186 2060674566
5.92563 13.1539 2060674566
5.80283 13.3001 2060674566
8.10198 13.3335 2060674566
-22.4661 57.1705 2060674566
-22.2203 62.4636 2060674566
-26.7596 63.5849 2060674566
-26.576 63.5365 2060674566
25.9445 65.2595 2060674566
-6.63895 15.75 2060674566
29.1278 62.7914 2060674566
28.9819 62.6715 2060674566
0.744773 9.81504 2060674566
0.927468 9.76858 2060674566
22.9344 59.0038 2060674566
22.893 58.8199 2060674566
-27.2783 62.6119 2060674566
-27.2042 62.785 2060674566
21.5606 62.1067 2060674566
-24.0835 65.7671 2060674566
23.0493 63.0292 2060674566
22.9338 61.8938 2060674566
-8.51862 14.644 2060674566
-28.7561 66.0843 2060674566
-16.4931 12.4651 2060674566
-16.5437 12.6571 2060674566
-10.6844 11.9553 2060674566
-31.8103 68.5021 2060674566
-31.7696 68.3085 2060674566
-26.0143 64.004 2060674566
-26.1183 63.8358 2060674566
-7.51438 11.8427 2060674566
17.2194 55.6908 2060674566
17.0503 55.7924 2060674566
-24.2533 65.867 2060674566
15.857 14.6053 2060674566
2.11807 11.6852 2060674566
2.26834 11.5578 2060674566
-8.56218 11.131 2060674566
-8.54959 10.9344 2060674566
-27.5351 64.0935 2060674566
24.8 64.0531 2060674566
24.641 63.9378 2060674566
-0.795406 12.303 2060674566
-0.890966 12.1319 2060674566
2.26097 12.9871 2060674566
2.17971 13.1647 2060674566
28.8918 67.5051 2060674566
29.0149 67.6557 2060674566
-0.449228 15.2075 2060674566
19.3524 58.4475 2060674566
-5.05571 12.2013 2060674566
-4.67947 11.8047 2060674566
-6.81793 14.3956 2060674566
-7.04389 14.328 2060674566
0.391846 14.1075 2060674566
25.45 61.7036 2060674566
25.3256 61.9028 2060674566
5.15458 10.9301 2060674566
5.00944 11.1141 2060674566
3.32172 13.9177 2060674566
5.51265 12.8249 2060674566
-3.32393 15.1967 2060674566
-3.554 15.1548 2060674566
-24.9639 62.1662 2060674566
22.4349 60.0862 2060674566
-0.913534 15.7154 2060674566
19.3533 58.2143 2060674566
-28.7211 65.8474 2060674566
-28.6763 65.6194 2060674566
-6.79285 13.0909 2060674566
-6.90581 13.2937 2060674566
4.39774 10.2402 2060674566
4.21657 10.4156 2060674566
4.43261 10.5002 2060674566
23.3336 61.5893 2060674566
23.5046 61.7455 2060674566
-9.12449 11.764 2060674566
-9.0378 11.5493 2060674566
0.499086 13.4756 2060674566
0.296328 13.3656 2060674566
27.0112 62.5146 2060674566
1.90752 9.67702 2060674566
28.2336 63.0587 2060674566
28.4771 63.0586 2060674566
26.7854 57.939 2060674566
26.9496 58.1186 2060674566
25.5185 60.2955 2060674566
25.3875 60.0906 2060674566
1.58535 11.7894 2060674566
-22.1686 62.0641 2060674566
-1.80585 15.9807 2060674566
-2.03906 15.914 2060674566
-2.12762 15.0283 2060674566
4.90683 13.4636 2060674566
22.3022 63.05 2060674566
22.5138 63.1655 2060674566
2.70395 10.9048 2060674566
26.9773 62.7424 2060674566
1.77723 9.8791 2060674566
1.67859 12.235 2060674566
24.1221 62.5104 2060674566
-27.7781 67.5899 2060674566
-27.5505 67.6653 2060674566
5.97779 14.5095 2060674566
-0.229934 12.0852 2060674566
22.7503 59.8208 2060674566
22.9773 59.8952 2060674566
8.35685 16.9798 2060674566
8.49588 17.1735 2060674566
30.6521 67.2996 2060674566
30.8171 67.1284 2060674566
-0.735248 15.5585 2060674566
-2.0369 10.5229 2060674566
0.118606 11.6967 2060674566
-25.5368 63.5703 2060674566
-26.4188 64.937 2060674566
-24.1081 59.9196 2060674566
-23.1659 59.9957 2060674566
-6.27387 12.3405 2060674566
24.6208 58.5327 2060674566
24.4101 58.474 2060674566
-7.17493 11.515 2060674566
-25.1037 65.0561 2060674566
-14.452 13.7231 2060674566
-25.4806 60.3302 2060674566
-4.02303 12.7948 2060674566
-4.23784 12.8266 2060674566
-2.16775 10.3498 2060674566
-0.0895805 11.7752 2060674566
3.55508 15.7048 2060674566
3.34796 15.6427 2060674566
-1.6451 12.9473 2060674566
-1.75124 12.759 2060674566
0.492679 8.39822 2060674566
0.383086 8.58382 2060674566
26.8679 63.6935 2060674566
27.0464 63.8138 2060674566
25.0174 58.512 2060674566
17.2172 54.1748 2060674566
17.3464 54.3462 2060674566
-0.229407 12.8969 2060674566
-0.162294 13.1005 2060674566
-23.9146 63.5968 2060674566
25.3752 56.8068 2060674566
-22.4217 60.4574 2060674566
-8.78368 14.2182 2060674566
25.8404 62.5269 2060674566
25.7742 62.7941 2060674566
-1.13605 12.9959 2060674566
21.3213 62.0899 2060674566
-13.8361 12.5365 2060674566
-13.6705 12.3801 2060674566
11.6279 12.5309 2060674566
11.7415 12.3335 2060674566
-21.4952 63.6284 2060674566
-21.4376 63.8486 2060674566
-26.1959 66.6651 2060674566
21.2891 59.8245 2060674566
-23.6134 62.2878 2060674566
-22.9645 61.8833 2060674566
25.5978 56.7705 2060674566
-23.0766 61.6618 2060674566
-22.0953 61.4256 2060674566
-12.0967 14.5967 2060674566
-12.3171 14.6369 2060674566
-3.76058 10.4417 2060674566
-3.98261 10.4699 2060674566
-22.1912 59.913 2060674566
-22.4043 59.9774 2060674566
-3.58997 14.0653 2060674566
-3.59283 13.8427 2060674566
-9.02353 14.1547 2060674566
-8.88621 13.9795 2060674566
-24.4105 63.874 2060674566
-25.2831 64.4565 2060674566
23.993 58.9409 2060674566
24.1266 58.8165 2060674566
24.1627 58.9716 2060674566
7.2658 11.4695 2060674566
7.20458 11.3229 2060674566
25.1441 63.6487 2060674566
-12.4231 13.8012 2060674566
-12.3906 13.956 2060674566
-27.7666 64.1908 2060674566
-3.69367 11.953 2060674566
-3.53658 11.9383 2060674566
28.7157 63.4896 2060674566
28.7784 63.3449 2060674566
24.8556 58.739 2060674566
24.9997 58.6756 2060674566
24.275 60.5938 2060674566
-25.4377 64.486 2060674566
26.9314 63.0596 2060674566
27.053 63.1593 2060674566
-0.278555 12.5329 2060674566
26.4608 62.2707 2060674566
26.3585 62.1519 2060674566
-2.30138 12.141 2060674566
-2.45554 12.1684 2060674566
24.8684 60.5513 2060674566
24.8791 60.3951 2060674566
21.4334 59.8961 2060674566
21.4951 60.0399 2060674566
-5.11071 9.96742 2060674566
-4.95445 9.97468 2060674566
10.771 17.0435 2060674566
-2.39447 15.1415 2060674566
-3.06648 11.5128 2060674566
21.9764 58.0161 2060674566
21.926 57.8587 2060674566
7.53987 12.7572 2060674566
7.3808 12.8015 2060674566
-23.066 62.2415 2060674566
-19.4151 63.1345 2060674566
-19.3412 62.9874 2060674566
5.13671 12.1784 2060674566
5.20171 12.0276 2060674566
-5.90626 14.0149 2060674566
-5.95392 14.172 2060674566
25.2676 62.896 2060674566
25.1955 63.0434 2060674566
-2.33939 14.987 2060674566
10.657 16.9368 2060674566
23.6553 63.2713 2060674566
23.7309 63.1282 2060674566
0.981661 15.8533 2060674566
1.12454 15.7789 2060674566
-21.593 55.9308 2060674566
-21.6873 55.8003 2060674566
-29.021 66.0132 2060674566
-29.1198 66.1399 2060674566
-26.5215 64.0037 2060674566
-22.216 60.2403 2060674566
-22.3648 60.2995 2060674566
-22.4455 62.3787 2060674566
-22.3743 62.5214 2060674566
24.1828 60.7237 2060674566
4.21088 15.0079 2060674566
-21.7925 62.8275 2060674566
-23.8742 59.0766 2060674566
-24.0195 59.1048 2060674566
25.5512 64.3671 2060674566
25.5027 64.2277 2060674566
22.4312 59.1678 2060674566
22.4306 59.3148 2060674566
-8.2511 13.053 2060674566
-8.22819 13.1979 2060674566
-14.2504 14.8789 2060674566
-14.3235 15.0054 2060674566
1.11586 10.2478 2060674566
1.17169 10.3823 2060674566
-2.89442 16.2093 2060674566
-3.01072 16.2968 2060674566
-21.6724 62.7408 2060674566
4.16349 14.8705 2060674566
-19.5967 58.6804 2060674566
-19.4732 58.7558 2060674566
-28.2783 64.9833 2060674566
-28.2546 64.8406 2060674566
-25.5971 61.8638 2060674566
-25.6162 62.007 2060674566
0.66532 14.1868 2060674566
0.535363 14.248 2060674566
27.3429 63.2311 2060674566
-6.58139 15.9903 2060674566
-6.538 15.8543 2060674566
22.0959 63.269 2060674566
22.2361 63.2435 2060674566
26.2595 61.7701 2060674566
22.5933 62.5127 2060674566
22.738 62.4568 2060674566
7.70031 13.3769 2060674566
7.8533 13.3519 2060674566
1.21786 11.3036 2060674566
1.12194 11.4248 2060674566
8.68557 12.6306 2060674566
8.82954 12.6851 2060674566
-28.3332 63.186 2060674566
-28.2983 63.3359 2060674566
-22.9582 66.0787 2060674566
-22.805 66.0723 2060674566
25.6484 62.5014 2060674566
-5.19352 12.7264 2060674566
26.2447 61.9219 2060674566
-2.99246 11.6619 2060674566
-27.1694 61.6741 2060674566
-27.1221 61.5296 2060674566
2.90684 15.1696 2060674566
2.98627 15.0407 2060674566
-3.69616 12.6618 2060674566
-27.468 62.6591 2060674566
-0.218587 12.3266 2060674566
-0.367839 12.3058 2060674566
25.667 64.2438 2060674566
3.7771 10.7152 2060674566
3.67037 10.8199 2060674566
11.3692 13.6525 2060674566
1.03499 11.6121 2060674566
0.886876 11.6019 2060674566
1.45677 12.69 2060674566
-3.68824 11.2504 2060674566
-3.51854 11.1802 2060674566
13.3203 13.3255 2060674566
13.2919 13.5067 2060674566
6.12489 15.0543 2060674566
5.94537 15.0864 2060674566
-1.1914 12.5857 2060674566
0.677223 11.6082 2060674566
0.638484 11.7863 2060674566
-3.09671 14.119 2060674566
23.7651 61.3527 2060674566
4.53681 14.4041 2060674566
4.63833 14.5541 2060674566
23.792 64.0659 2060674566
23.8519 63.895 2060674566
-27.0034 64.0771 2060674566
6.44408 14.6124 2060674566
22.1486 60.3104 2060674566
22.198 60.1375 2060674566
-19.5789 58.044 2060674566
28.0969 67.8239 2060674566
28.2486 67.9183 2060674566
25.1506 64.7662 2060674566
25.1599 64.5878 2060674566
-25.0482 63.3701 2060674566
-25.1735 63.4974 2060674566
-19.9872 61.1704 2060674566
-19.8169 61.2206 2060674566
-21.0942 56.7447 2060674566
-20.9181 56.7665 2060674566
25.8237 62.0257 2060674566
2.53159 12.9442 2060674566
5.45501 9.88978 2060674566
5.28003 9.95536 2060674566
2.51936 10.1667 2060674566
2.67317 10.0617 2060674566
-18.7633 58.8146 2060674566
-18.6098 58.92 2060674566
22.6433 62.9922 2060674566
22.6511 62.8062 2060674566
12.4891 12.8148 2060674566
12.669 12.7674 2060674566
27.7991 64.9475 2060674566
6.48548 13.1599 2060674566
26.3656 61.4421 2060674566
26.037 63.2943 2060674566
2.66334 12.8138 2060674566
26.001 62.0196 2060674566
-24.6161 61.14 2060674566
-24.5003 61.2846 2060674566
-21.2796 57.6807 2060674566
-21.247 57.4988 2060674566
2.47291 11.2654 2060674566
2.51583 11.4449 2060674566
3.49319 12.3 2060674566
3.47517 12.1165 2060674566
27.0826 64.1268 2060674566
28.4212 62.1322 2060674566
28.5363 62.276 2060674566
-21.7781 61.0443 2060674566
-21.6236 60.9445 2060674566
-26.883 64.2158 2060674566
-26.4426 63.3506 2060674566
26.7717 61.0116 2060674566
26.6886 60.8624 2060674566
-4.91775 11.9844 2060674566
-4.74702 11.9876 2060674566
0.397082 14.297 2060674566
-23.5873 60.7158 2060674566
-23.6693 60.8653 2060674566
21.922 62.015 2060674566
22.0455 61.898 2060674566
0.546453 10.5134 2060674566
0.433315 10.387 2060674566
24.6361 61.2018 2060674566
24.7657 61.3111 2060674566
30.2048 67.6353 2060674566
30.1529 67.4742 2060674566
21.5979 61.9318 2060674566
23.9623 66.0473 2060674566
24.0178 65.8659 2060674566
24.1355 65.9863 2060674566
28.2042 66.8861 2060674566
28.3565 66.8147 2060674566
29.2333 64.9198 2060674566
-24.7929 62.375 2060674566
5.96767 12.0025 2060674566
6.12751 12.054 2060674566
-24.9326 64.0564 2060674566
23.1907 62.8963 2060674566
23.0607 62.7912 2060674566
4.42284 13.5345 2060674566
4.46535 13.6959 2060674566
-2.51805 10.7664 2060674566
1.6745 12.5077 2060674566
-12.6617 11.9111 2060674566
-12.7733 11.7736 2060674566
-12.6115 11.7038 2060674566
9.43308 8.58613 2060674566
9.36353 8.42433 2060674566
15.4166 12.6268 2060674566
15.2455 12.5904 2060674566
5.99829 12.8163 2060674566
5.88739 12.6817 2060674566
-26.1054 63.432 2060674566
-3.0885 12.4442 2060674566
-2.91748 12.4741 2060674566
-5.89566 12.101 2060674566
-6.05455 12.1706 2060674566
0.697541 13.1941 2060674566
-2.68857 10.7353 2060674566
25.5225 65.3477 2060674566
25.5751 65.1828 2060674566
1.29654 11.9249 2060674566
1.40856 11.7936 2060674566
-24.0219 62.3997 2060674566
-23.8761 62.3074 2060674566
26.1497 65.6851 2060674566
26.0682 65.5333 2060674566
21.5694 61.6134 2060674566
22.5201 61.5571 2060674566
22.489 61.3887 2060674566
-1.61323 11.8044 2060674566
21.4277 61.9177 2060674566
