101.016 78.5008 973812624
82.0851 111.279 973812624
102.566 95.9332 973812624
84.1828 119.805 973812624
81.1819 98.9233 973812624
94.6442 110.322 973812624
95.2346 85.6341 973812624
123.682 111.087 973812624
95.3165 113.323 973812624
107.451 115.61 973812624
91.9366 106.237 973812624
85.4752 100.207 973812624
102.977 92.4625 973812624
112.404 110.417 973812624
109.849 83.1088 973812624
96.2716 101.424 973812624
107.644 97.0982 973812624
91.2727 84.0091 973812624
90.6124 94.9507 973812624
104.698 87.0653 973812624
101.095 76.4329 973812624
98.8076 95.179 973812624
86.2915 101.494 973812624
108.697 127.854 973812624
99.1812 82.7539 973812624
124.846 108.378 973812624
114.846 95.5139 973812624
83.5026 110.425 973812624
123.642 85.1327 973812624
100.666 75.8299 973812624
115.773 92.9263 973812624
90.1197 104.971 973812624
95.2753 79.3986 973812624
78.2519 78.0326 973812624
95.5221 121.783 973812624
82.0419 102.756 973812624
113.274 117.396 973812624
109.023 84.1082 973812624
105.221 125.763 973812624
113.099 96.9464 973812624
92.8919 112.575 973812624
103.593 106.699 973812624
96.6739 123.063 973812624
124.546 101.283 973812624
110.87 90.4265 973812624
107.097 71.7836 973812624
92.9296 93.1129 973812624
110.496 82.499 973812624
121.818 86.2135 973812624
103.868 72.3479 973812624
97.7538 107.559 973812624
97.0497 115.245 973812624
89.5927 110.563 973812624
97.5612 86.1752 973812624
110.15 126.968 973812624
87.5959 83.9835 973812624
118.574 99.4105 973812624
107.524 108.923 973812624
98.8391 107.046 973812624
98.1214 100.794 973812624
100.173 70.7911 973812624
77.2371 116.996 973812624
78.4969 82.1116 973812624
79.5129 80.4743 973812624
83.1487 99.0639 973812624
114.166 100.417 973812624
119.772 98.5727 973812624
90.4568 110.124 973812624
92.0222 99.769 973812624
89.7234 108.527 973812624
102.003 99.5114 973812624
92.7925 86.2357 973812624
90.1121 76.3806 973812624
85.4347 96.9332 973812624
92.514 77.1887 973812624
100.897 99.9859 973812624
106.677 100.137 973812624
107.243 84.2825 973812624
90.5689 113.18 973812624
86.607 111.56 973812624
92.5851 95.8088 973812624
99.55 102.355 973812624
123.441 106.62 973812624
82.9705 124.583 973812624
75.6115 98.084 973812624
102.724 93.2889 973812624
103.786 116.286 973812624
123.987 82.5839 973812624
107.366 85.673 973812624
86.9064 92.8659 973812624
97.5287 100.312 973812624
101.538 113.654 973812624
117.213 116.982 973812624
103.373 82.7085 973812624
120.79 121.45 973812624
112.889 103.895 973812624
127.656 106.992 973812624
105.067 78.9628 973812624
98.6611 90.8246 973812624
91.5875 101.458 973812624
105.08 103.211 973812624
96.8643 112.818 973812624
97.3831 110.656 973812624
95.9969 102.578 973812624
84.5219 111.859 973812624
100.88 100.352 973812624
109.945 99.4118 973812624
115.428 95.4409 973812624
110.986 99.9762 973812624
114.244 102.528 973812624
99.031 103.76 973812624
95.9429 90.6376 973812624
119.007 95.7998 973812624
98.0328 113.523 973812624
87.4487 84.7768 973812624
110.834 96.4486 973812624
113.265 83.3171 973812624
94.5644 73.4263 973812624
119.286 99.5654 973812624
105.384 92.0803 973812624
118.49 114.632 973812624
102.889 96.8195 973812624
79.2513 102.273 973812624
82.2224 84.1909 973812624
102.066 103.096 973812624
101.75 106.044 973812624
104.258 102.416 973812624
83.9612 115.8 973812624
93.343 82.4811 973812624
78.7724 100.343 973812624
107.13 84.1894 973812624
86.0515 105.801 973812624
85.322 101.758 973812624
126.731 97.883 973812624
101.537 115.153 973812624
124.436 100.766 973812624
98.0389 113.084 973812624
103.857 87.8249 973812624
101.494 101.593 973812624
110.253 75.6292 973812624
88.5637 114.648 973812624
74.0006 100.488 973812624
115.034 78.4813 973812624
94.7137 119.623 973812624
102.352 103.075 973812624
117.951 108.865 973812624
85.918 101.316 973812624
101.628 113.379 973812624
86.8553 81.929 973812624
100.178 104.797 973812624
112.889 118.844 973812624
102.726 90.9125 973812624
121.214 94.3337 973812624
85.4327 94.0744 973812624
94.3079 121.501 973812624
110.7 79.7387 973812624
102.901 113.913 973812624
115.735 85.9357 973812624
108.089 126.292 973812624
90.4813 85.8745 973812624
100.392 114.418 973812624
81.67 93.1229 973812624
98.2019 100.566 973812624
123.51 106.595 973812624
105.238 106.389 973812624
76.5599 118.215 973812624
100.441 117.447 973812624
74.35 91.8014 973812624
82.4233 106.091 973812624
119.55 90.7657 973812624
109.622 93.9939 973812624
112.877 84.1126 973812624
88.999 82.6457 973812624
81.8591 90.4322 973812624
94.0223 95.805 973812624
119.591 107.228 973812624
85.6154 89.2113 973812624
92.6967 106.041 973812624
96.7523 76.1572 973812624
125.726 91.5175 973812624
94.4984 112.551 973812624
88.205 87.9639 973812624
96.9405 102.939 973812624
91.4809 84.2849 973812624
105.318 105.102 973812624
82.4081 109.496 973812624
104.037 97.9704 973812624
98.8787 100.089 973812624
83.13 80.7902 973812624
71.5011 103.207 973812624
87.8973 104.227 973812624
118.857 100.114 973812624
110.245 94.7175 973812624
101.428 95.2436 973812624
108.925 99.4835 973812624
103.423 76.6781 973812624
98.4444 87.2067 973812624
92.6557 121.781 973812624
109.282 118.677 973812624
91.8075 77.4077 973812624
95.0036 73.9477 973812624
109.284 96.9683 973812624
117.333 115.139 973812624
98.5111 106.577 973812624
98.0506 110.56 973812624
124.639 107.811 973812624
77.8153 117.636 973812624
91.4655 96.0888 973812624
99.6571 87.7114 973812624
92.0881 100.03 973812624
120.557 85.4847 973812624
99.9958 84.8708 973812624
79.1799 120.378 973812624
87.5009 77.8848 973812624
81.6197 105.959 973812624
84.1585 108.861 973812624
90.7056 96.3011 973812624
109.541 108.15 973812624
97.23 87.3663 973812624
105.072 130.409 973812624
104.422 89.5602 973812624
97.0387 105.767 973812624
111.74 108.828 973812624
73.7819 96.861 973812624
120.377 92.1067 973812624
100.103 105.147 973812624
118.094 98.8557 973812624
113.474 101.29 973812624
100.056 109.888 973812624
97.4196 94.4142 973812624
106.328 112.267 973812624
106.235 108.905 973812624
102.496 88.0969 973812624
96.547 108.628 973812624
90.2354 111.759 973812624
107.944 108.062 973812624
100.799 109.625 973812624
123.528 102.477 973812624
96.3956 91.012 973812624
100.317 113.056 973812624
92.4519 87.4214 973812624
102.411 89.4243 973812624
99.1943 99.8486 973812624
93.709 120.935 973812624
118.52 100.06 973812624
109.794 76.3958 973812624
88.7495 110.131 973812624
100.494 81.655 973812624
88.7612 109.989 973812624
91.9204 93.4297 973812624
95.2763 87.8778 973812624
85.1806 100.441 973812624
105.755 110.507 973812624
125.271 82.4476 973812624
97.8636 103.853 973812624
91.1042 88.2916 973812624
98.659 113.311 973812624
114.227 109.207 973812624
98.4454 84.5575 973812624
87.1334 103.513 973812624
86.7807 90.9903 973812624
102.829 111.074 973812624
109.536 112.785 973812624
105.75 109.919 973812624
101.853 119.495 973812624
108.036 103.268 973812624
109.126 96.999 973812624
113.899 114.978 973812624
95.6765 124.017 973812624
121.874 88.5102 973812624
81.181 85.2234 973812624
85.7684 85.5703 973812624
105.041 98.3665 973812624
75.5952 98.0335 973812624
104.461 95.387 973812624
99.5527 101.881 973812624
87.6762 110.68 973812624
90.7402 90.1636 973812624
115.373 119.29 973812624
81.9136 90.7516 973812624
80.0546 76.9702 973812624
114.413 95.5441 973812624
114.641 111.385 973812624
114.659 102.872 973812624
109.372 99.8835 973812624
79.7629 120.218 973812624
89.6797 81.3936 973812624
118.71 106.816 973812624
108.343 74.3313 973812624
104.37 82.3838 973812624
101.553 84.7321 973812624
106.893 112.468 973812624
100.881 114.961 973812624
98.5099 83.0802 973812624
103.819 104.919 973812624
94.9529 122.693 973812624
110.595 104.441 973812624
89.1846 97.897 973812624
109.75 91.0556 973812624
98.6943 113.118 973812624
91.474 100.104 973812624
116.214 84.2449 973812624
98.9774 75.1612 973812624
93.3167 90.0203 973812624
99.2127 85.2233 973812624
93.445 71.7182 973812624
85.3526 119.234 973812624
115.188 108.46 973812624
98.0552 102.827 973812624
100.742 97.4083 973812624
117.057 88.0793 973812624
113.054 86.6143 973812624
99.1602 96.3366 973812624
75.2568 93.4422 973812624
113.832 99.0431 973812624
108.065 104.329 973812624
85.4517 102.089 973812624
77.7972 119.551 973812624
109.825 106.503 973812624
79.6014 79.9143 973812624
77.9443 100.98 973812624
111.815 98.0002 973812624
84.3397 86.1714 973812624
92.1093 100.421 973812624
110.188 109.699 973812624
89.4519 96.3406 973812624
98.4567 99.7665 973812624
82.9279 113.025 973812624
108.591 96.2963 973812624
95.3549 97.3792 973812624
96.5295 88.8187 973812624
100.171 113.641 973812624
110.197 110.394 973812624
96.6204 121.551 973812624
116.057 110.627 973812624
128.248 111.579 973812624
126.928 107.808 973812624
84.6394 108.688 973812624
78.5913 92.8167 973812624
104.399 109.55 973812624
81.7475 89.6367 973812624
103.479 98.1901 973812624
103.161 92.1118 973812624
95.5304 72.3311 973812624
116.646 104.532 973812624
99.9628 108.041 973812624
94.4324 109.472 973812624
110.128 90.2253 973812624
99.4477 110.119 973812624
106.516 114.194 973812624
105.042 85.8526 973812624
102.632 129.088 973812624
101.273 94.6046 973812624
120.276 102.198 973812624
105.068 80.5334 973812624
92.4342 100.63 973812624
104.183 89.0551 973812624
87.204 108.81 973812624
98.3683 77.3722 973812624
102.743 104.648 973812624
99.8806 83.3423 973812624
103.029 93.6336 973812624
103.499 92.8311 973812624
80.8315 96.9106 973812624
112.75 101.223 973812624
104.221 123.375 973812624
116.587 105.043 973812624
89.5153 94.2376 973812624
123.761 86.8548 973812624
114.445 77.7744 973812624
95.5133 100.472 973812624
81.7641 115.868 973812624
115.076 114.645 973812624
108.99 105.895 973812624
83.1984 101.799 973812624
87.5508 113.024 973812624
95.154 83.9057 973812624
98.7404 96.6799 973812624
116.669 72.5229 973812624
91.9731 91.6072 973812624
93.604 86.4788 973812624
95.4535 100.839 973812624
112.117 117.253 973812624
90.9976 117.583 973812624
102.596 75.1553 973812624
103.167 107.279 973812624
84.1955 85.1248 973812624
84.6602 105.215 973812624
99.9062 126.373 973812624
97.1583 85.7736 973812624
113.52 86.3352 973812624
88.5252 114.726 973812624
110.163 100.041 973812624
112.543 94.7842 973812624
90.535 94.6964 973812624
91.4155 92.6668 973812624
108.546 101.407 973812624
78.3248 114.205 973812624
108.82 101.347 973812624
89.2057 120.727 973812624
110.393 88.7 973812624
105.469 95.4566 973812624
118.618 100.625 973812624
96.7686 96.3595 973812624
86.5482 103.258 973812624
113.483 100.592 973812624
96.6245 95.0251 973812624
95.7406 97.3697 973812624
104.209 97.2507 973812624
105.874 106.822 973812624
113.685 88.1746 973812624
81.2073 80.3227 973812624
113.614 102.449 973812624
76.9298 117.232 973812624
94.5744 112.762 973812624
116.061 103.694 973812624
88.9479 84.9185 973812624
88.1091 87.4053 973812624
95.1991 120.464 973812624
114.029 76.652 973812624
115.256 100.701 973812624
105.162 86.1425 973812624
103.73 111.892 973812624
115.73 114.33 973812624
93.4066 114.666 973812624
127.01 91.9774 973812624
105.526 112.491 973812624
107.612 120.205 973812624
105.243 84.8147 973812624
88.6456 110.274 973812624
113.027 97.3047 973812624
78.1305 98.3167 973812624
84.8831 86.9001 973812624
105.447 90.1882 973812624
106.22 101.258 973812624
121.42 94.1352 973812624
107.622 97.0723 973812624
96.2784 108.312 973812624
95.2585 76.5083 973812624
73.8968 110.745 973812624
104.643 98.2924 973812624
110.883 88.3046 973812624
79.7398 107.251 973812624
113.24 90.8854 973812624
99.0059 102.199 973812624
120.691 115.328 973812624
93.8171 102.367 973812624
73.1063 91.8859 973812624
76.9691 111.305 973812624
91.6974 94.2 973812624
113.09 80.9831 973812624
103.794 75.4715 973812624
89.5557 108.337 973812624
128.812 93.4504 973812624
90.3494 94.96 973812624
92.6639 89.3445 973812624
98.1581 124.361 973812624
81.7132 97.2805 973812624
90.5763 80.7097 973812624
117.333 94.094 973812624
107.754 123.186 973812624
115.902 98.6857 973812624
103.201 101.96 973812624
115.472 99.2804 973812624
114.799 105.025 973812624
86.0646 100.285 973812624
85.8609 88.0862 973812624
91.6214 113.583 973812624
94.1055 77.4719 973812624
119.122 110.888 973812624
80.4508 116.722 973812624
88.2757 90.5202 973812624
106.312 128.728 973812624
101.766 114.12 973812624
79.3512 91.4726 973812624
91.1492 91.3736 973812624
94.8714 104.105 973812624
84.2283 99.4675 973812624
94.312 87.1218 973812624
77.1567 73.0047 973812624
93.7174 112.985 973812624
108.247 89.4202 973812624
120.846 115.53 973812624
116.551 91.2483 973812624
119.321 108.092 973812624
98.5205 110.466 973812624
88.8567 116.847 973812624
100.882 84.6234 973812624
72.1105 109.012 973812624
106.213 84.4741 973812624
96.1835 111.238 973812624
101.686 74.1919 973812624
116.146 113.129 973812624
99.5228 72.8949 973812624
116.301 103.473 973812624
91.616 96.8317 973812624
114.687 84.201 973812624
100.346 117.812 973812624
83.6384 98.2354 973812624
85.4641 115.016 973812624
114.013 93.6054 973812624
93.6143 120.269 973812624
105.952 107.621 973812624
88.4731 113.957 973812624
101.904 112.971 973812624
88.3832 107.39 973812624
100.485 110.275 973812624
100.906 96.5489 973812624
91.7198 100.678 973812624
103.873 90.5612 973812624
125.175 84.3195 973812624
115.835 84.9192 973812624
94.7134 117.881 973812624
95.6118 98.3855 973812624
82.9207 113.032 973812624
78.6186 80.5601 973812624
99.2575 96.8174 973812624
77.3477 112.927 973812624
81.3418 103.878 973812624
81.8226 116.979 973812624
92.2369 102.174 973812624
87.2305 94.7978 973812624
101.247 98.6682 973812624
103.136 76.5912 973812624
77.2816 106.364 973812624
87.5153 94.0723 973812624
130.672 94.7489 973812624
104.687 75.9599 973812624
86.3164 84.8577 973812624
119.941 104.821 973812624
113.835 122.502 973812624
82.5782 125.422 973812624
108.196 113.548 973812624
97.7556 108.661 973812624
110.678 120.502 973812624
103.019 98.0277 973812624
84.8458 111.076 973812624
102.634 98.5167 973812624
85.4927 95.4789 973812624
85.1533 102.938 973812624
86.8554 91.3115 973812624
110.684 95.9651 973812624
95.0539 83.9607 973812624
89.9814 99.2935 973812624
115.561 112.625 973812624
80.5873 101.751 973812624
89.5711 94.6692 973812624
101.529 102.953 973812624
94.2002 115.651 973812624
103.873 72.985 973812624
86.4301 81.3539 973812624
98.1214 90.9137 973812624
107.282 115.206 973812624
87.0207 103.995 973812624
101.848 127.796 973812624
98.4036 99.1977 973812624
91.4119 123.697 973812624
104.349 104.431 973812624
109.049 106.796 973812624
109.261 103.018 973812624
97.1361 96.3284 973812624
98.2137 100.95 973812624
91.853 95.3107 973812624
101.047 103.343 973812624
115.376 103.11 973812624
100.46 108.253 973812624
78.9851 88.6245 973812624
97.0231 106.534 973812624
85.9393 116.629 973812624
91.9038 98.3548 973812624
96.4627 99.7446 973812624
104.105 89.8476 973812624
85.637 101.452 973812624
92.2171 112.732 973812624
112.044 112.429 973812624
88.012 99.9109 973812624
111.839 93.5389 973812624
117.278 86.5303 973812624
95.7668 96.7595 973812624
86.4767 94.5992 973812624
124.481 107.887 973812624
75.1546 116.905 973812624
82.3587 110.315 973812624
124.665 100.814 973812624
98.2167 127.287 973812624
91.076 119.257 973812624
88.4708 77.4485 973812624
125.598 98.2117 973812624
125.273 83.6256 973812624
97.0659 115.361 973812624
100.308 113.711 973812624
107.628 104.481 973812624
97.6676 100.107 973812624
98.186 112.477 973812624
107.784 98.4386 973812624
97.3787 116.621 973812624
91.331 83.7517 973812624
88.6553 100.787 973812624
91.7071 77.8976 973812624
75.9723 114.177 973812624
106.739 72.698 973812624
101.211 95.4382 973812624
106.085 99.8988 973812624
97.2905 107.77 973812624
86.3633 106.16 973812624
89.1832 82.07 973812624
109.745 105.307 973812624
91.7995 93.686 973812624
88.0289 113.366 973812624
98.8819 90.7695 973812624
73.4933 106.077 973812624
100.511 121.565 973812624
97.4222 104.356 973812624
104.194 81.0327 973812624
79.2838 94.9389 973812624
129.347 95.2779 973812624
97.1755 118.177 973812624
113.292 85.3233 973812624
95.3893 91.5153 973812624
85.3492 81.9078 973812624
117.3 90.2707 973812624
99.6661 111.335 973812624
113.431 111.533 973812624
97.7561 93.3866 973812624
124.213 110.401 973812624
95.444 103.717 973812624
83.5292 99.5429 973812624
95.8907 102.479 973812624
74.5127 114.4 973812624
93.2566 79.3399 973812624
76.759 107.102 973812624
92.4855 81.4195 973812624
104.462 90.0538 973812624
117.801 90.0958 973812624
101.765 72.758 973812624
117.133 77.3303 973812624
118.318 107.841 973812624
81.2029 84.219 973812624
83.3824 93.6084 973812624
119.161 115.3 973812624
98.5784 90.3906 973812624
107.986 82.5915 973812624
115.465 109.927 973812624
115.851 111.507 973812624
85.0047 97.6127 973812624
110.964 107.294 973812624
118.637 91.7147 973812624
115.253 101.078 973812624
99.4506 78.9789 973812624
90.9393 122.76 973812624
98.4353 124.895 973812624
93.7996 100.035 973812624
106.712 85.5913 973812624
90.3197 97.0123 973812624
97.64 91.9774 973812624
85.0818 77.585 973812624
98.1284 93.8985 973812624
101.409 89.29 973812624
114.835 82.3857 973812624
92.2119 73.2923 973812624
98.1595 95.0215 973812624
95.4348 115.44 973812624
109.531 109.43 973812624
109.291 75.9814 973812624
109.314 117.65 973812624
77.8015 116.571 973812624
115.08 111.337 973812624
104.216 121.895 973812624
97.7808 98.8963 973812624
105.599 70.9897 973812624
105.758 93.987 973812624
84.7121 89.3433 973812624
92.4957 91.3666 973812624
97.5462 113.356 973812624
94.957 93.2199 973812624
109.398 86.8715 973812624
88 107.907 973812624
99.239 117.847 973812624
94.9376 75.6958 973812624
98.1843 84.8598 973812624
118.345 119.972 973812624
111.869 105.051 973812624
111.434 89.5439 973812624
113.29 90.4682 973812624
108.678 95.7108 973812624
125.451 81.8723 973812624
124.897 89.6112 973812624
121.448 104.751 973812624
99.352 83.1725 973812624
88.4173 93.3921 973812624
99.6368 82.2336 973812624
116.407 107.426 973812624
100.967 92.8368 973812624
75.384 95.6186 973812624
91.1142 90.9754 973812624
109.303 90.3624 973812624
100.063 107.436 973812624
112.676 112.014 973812624
85.5184 111.46 973812624
85.2135 121.12 973812624
103.058 88.79 973812624
105.069 82.089 973812624
116.317 102.754 973812624
85.8982 89.129 973812624
85.2357 98.8692 973812624
103.377 119.523 973812624
98.3295 95.0176 973812624
105.728 122.751 973812624
119.341 99.944 973812624
97.7674 103.953 973812624
96.2543 118.86 973812624
92.3132 90.7761 973812624
86.8554 87.2759 973812624
89.6308 89.0497 973812624
86.6332 79.2129 973812624
97.3796 95.903 973812624
71.7027 109.332 973812624
108.343 87.5111 973812624
97.1594 104.773 973812624
86.3537 112.655 973812624
98.0142 87.9676 973812624
104.43 87.4679 973812624
109.476 109.545 973812624
109.893 110.028 973812624
90.7493 73.8937 973812624
110.816 120.311 973812624
78.5797 92.4478 973812624
94.9093 106.001 973812624
119.458 99.2557 973812624
116.099 81.5768 973812624
72.1528 98.0745 973812624
88.3315 85.7407 973812624
89.237 100.98 973812624
100.855 94.353 973812624
74.3401 98.3426 973812624
120.436 90.6033 973812624
94.8285 97.1356 973812624
96.3598 77.8748 973812624
121.188 104.815 973812624
102.024 115.246 973812624
111.504 102.206 973812624
106.624 74.4632 973812624
100.032 118.014 973812624
95.317 118.45 973812624
88.1223 103.697 973812624
78.9213 79.3565 973812624
83.824 92.959 973812624
95.8935 99.9866 973812624
89.2792 103.174 973812624
83.2822 95.2384 973812624
124.961 87.9813 973812624
104.19 94.7381 973812624
108.491 89.5702 973812624
112.765 107.639 973812624
92.559 96.7031 973812624
106.694 104.211 973812624
100.9 115.921 973812624
108.882 77.8035 973812624
109.888 123.761 973812624
86.8079 94.9015 973812624
113.358 124.927 973812624
104.624 89.198 973812624
112.335 85.4316 973812624
84.3295 95.2801 973812624
111.325 98.3034 973812624
101.57 99.5676 973812624
99.4382 101.854 973812624
83.4609 108.698 973812624
99.8741 106.705 973812624
97.2436 84.9392 973812624
91.9421 75.6674 973812624
124.88 99.8698 973812624
93.0026 73.4956 973812624
96.6879 106.976 973812624
124.673 111.023 973812624
81.0479 99.0712 973812624
107.895 90.3153 973812624
106.917 82.9647 973812624
92.5285 97.2469 973812624
125.595 108.053 973812624
77.9956 118.372 973812624
108.144 98.1424 973812624
97.4532 104.63 973812624
97.23 82.9387 973812624
90.8766 79.7067 973812624
108.136 107.187 973812624
92.8221 108.193 973812624
108.062 73.7002 973812624
107.485 88.2886 973812624
94.9914 87.8718 973812624
102.981 77.1007 973812624
95.8012 85.0415 973812624
96.2955 95.0252 973812624
115.308 70.55 973812624
100.835 85.1921 973812624
98.2567 91.9069 973812624
108.03 104.437 973812624
80.1981 99.007 973812624
104.322 114.273 973812624
81.588 125.112 973812624
112.787 101.233 973812624
103.041 90.4316 973812624
106.58 107.155 973812624
125.23 107.758 973812624
95.4464 103.037 973812624
115.729 74.1881 973812624
90.4294 86.6854 973812624
111.073 107.861 973812624
85.7692 116.268 973812624
98.1249 101.365 973812624
89.7605 107.985 973812624
117.111 112.411 973812624
106.555 88.3451 973812624
98.521 121.566 973812624
93.2075 108.097 973812624
100.537 88.6106 973812624
124.995 84.0452 973812624
111.048 76.343 973812624
98.328 109.149 973812624
89.773 98.8048 973812624
84.8751 82.6612 973812624
116.911 105.056 973812624
103.097 128.77 973812624
85.3213 83.482 973812624
77.6218 93.7143 973812624
99.8011 88.5808 973812624
100.858 109.837 973812624
103.541 94.8864 973812624
115.418 119.574 973812624
89.0475 107.874 973812624
121.828 96.7138 973812624
122.437 102.377 973812624
125.255 95.9231 973812624
102.352 114.346 973812624
108.553 110.99 973812624
107.212 116.556 973812624
87.3012 81.3105 973812624
89.6306 101.615 973812624
71.8033 103.227 973812624
97.4207 100.066 973812624
109.502 102.701 973812624
116.247 98.6905 973812624
99.157 107.359 973812624
83.5654 83.8897 973812624
102.079 103.662 973812624
83.549 91.1689 973812624
97.6768 97.2831 973812624
97.9338 89.8357 973812624
90.1618 70.9129 973812624
116.615 116.355 973812624
92.6944 81.4574 973812624
73.2323 101.872 973812624
100.574 97.3224 973812624
116.93 101.272 973812624
91.7865 93.8653 973812624
81.4398 79.2521 973812624
90.0611 114.764 973812624
82.3187 115.778 973812624
102.27 80.4152 973812624
88.4997 90.2018 973812624
96.9216 122.588 973812624
90.5864 103.17 973812624
78.9178 115.482 973812624
91.9462 102.738 973812624
111.59 102.846 973812624
90.1774 114.55 973812624
93.9574 103.449 973812624
114.094 72.2129 973812624
89.1761 92.708 973812624
119.72 116.282 973812624
101.315 93.1467 973812624
99.886 102.641 973812624
98.1238 103.207 973812624
97.166 123.824 973812624
100.563 100.172 973812624
100.762 93.5379 973812624
99.9344 93.5659 973812624
112.878 82.0386 973812624
70.9774 103.412 973812624
81.1222 99.9201 973812624
119.042 107.61 973812624
86.8135 97.0315 973812624
107.908 88.1508 973812624
95.8385 119.613 973812624
89.15 121.43 973812624
76.3082 104.445 973812624
97.2112 92.9625 973812624
87.8339 111.693 973812624
111.204 103.1 973812624
116.119 88.5545 973812624
79.4511 96.6905 973812624
102.917 107.103 973812624
96.3727 114.794 973812624
91.3988 80.1984 973812624
87.4805 113.685 973812624
87.1447 102.832 973812624
83.0812 92.9186 973812624
126.529 87.335 973812624
96.6086 112.514 973812624
122.204 94.2974 973812624
94.7775 108.995 973812624
84.5917 109.054 973812624
104.339 97.8429 973812624
120.776 96.9938 973812624
84.9519 98.157 973812624
120.325 111.633 973812624
102.796 113.39 973812624
95.0899 78.3144 973812624
105.724 74.8437 973812624
104.508 78.3787 973812624
92.4405 95.3462 973812624
78.131 114.899 973812624
95.3838 112.689 973812624
82.091 102.404 973812624
80.8712 95.5337 973812624
123.413 104.326 973812624
120.56 104.654 973812624
112.371 81.9287 973812624
91.8625 99.3639 973812624
89.4367 119.425 973812624
103.845 99.839 973812624
112.243 112.463 973812624
118.149 83.1033 973812624
91.6092 103.172 973812624
91.1158 114.003 973812624
103.28 124.773 973812624
101.43 90.4695 973812624
87.2099 108.803 973812624
94.6704 109.062 973812624
103.618 85.9696 973812624
104.156 98.0155 973812624
100.998 106.69 973812624
107.425 87.4319 973812624
75.9918 110.668 973812624
109.02 107.785 973812624
90.3084 106.979 973812624
76.321 107.633 973812624
86.5464 90.7541 973812624
81.0434 92.7329 973812624
84.0055 99.4254 973812624
102.687 110.794 973812624
95.7473 97.9045 973812624
115.802 71.8627 973812624
86.1808 111.051 973812624
89.5431 108.114 973812624
97.8348 123.722 973812624
94.8603 94.1477 973812624
119.374 100.064 973812624
103.049 100.452 973812624
110.206 110.041 973812624
84.8466 96.3531 973812624
106.023 97.8309 973812624
101.543 114.108 973812624
117.353 75.7776 973812624
85.7396 121.53 973812624
90.9977 108.432 973812624
98.5428 121.773 973812624
121.789 127.75 973812624
103.533 95.5613 973812624
102.057 120.952 973812624
101.039 101.55 973812624
85.6206 102.02 973812624
98.9199 109.031 973812624
83.6894 86.4654 973812624
126.039 93.0859 973812624
112.72 100.399 973812624
107.175 90.09 973812624
99.0451 107.024 973812624
123.422 86.0266 973812624
118.924 99.9235 973812624
121.016 102.952 973812624
102.261 85.9769 973812624
103.824 88.762 973812624
118.098 74.3654 973812624
109.057 86.925 973812624
108.567 92.4822 973812624
115.482 75.3507 973812624
105.777 79.4869 973812624
103.083 115.939 973812624
84.2765 102.836 973812624
106.367 115.58 973812624
78.4234 87.3027 973812624
101.441 78.4996 973812624
96.6419 88.9286 973812624
121.615 108.83 973812624
102.047 106.669 973812624
81.9953 117.7 973812624
89.8418 99.5873 973812624
103.162 105.296 973812624
95.9939 79.4584 973812624
94.0467 123.43 973812624
121.139 91.2133 973812624
116.365 125.117 973812624
100.368 71.2317 973812624
114.914 78.4231 973812624
84.3478 99.724 973812624
91.8286 101.234 973812624
91.5742 82.935 973812624
119.328 97.3681 973812624
94.3149 89.1782 973812624
104.171 70.2915 973812624
99.0718 108.429 973812624
90.5212 107.558 973812624
90.0722 125.622 973812624
101.605 86.7859 973812624
100.528 96.3348 973812624
102.253 87.5856 973812624
85.9147 98.4972 973812624
81.8244 77.144 973812624
97.2322 110.975 973812624
96.8467 109.965 973812624
106.24 128.323 973812624
121.384 124.869 973812624
78.5185 74.2724 973812624
81.3765 88.037 973812624
78.4191 110.241 973812624
104.246 98.703 973812624
82.056 113.64 973812624
107.324 109.361 973812624
90.8256 116.878 973812624
122.848 103.147 973812624
108.417 111.579 973812624
119.723 125.035 973812624
115.889 102.442 973812624
124.803 92.5942 973812624
89.1891 111.191 973812624
100.834 113.627 973812624
86.5386 109.852 973812624
90.4314 97.6179 973812624
95.4016 83.8141 973812624
119.059 94.7214 973812624
78.3 112.528 973812624
80.3167 124.784 973812624
98.7951 93.996 973812624
98.2427 125.984 973812624
103.266 110.703 973812624
104.117 89.6504 973812624
91.7963 75.9787 973812624
101.097 110.502 973812624
105.429 79.169 973812624
106.33 125.165 973812624
77.1498 115.125 973812624
72.6812 105.758 973812624
122.117 98.3249 973812624
90.6596 87.5035 973812624
112.219 97.8105 973812624
112.804 106.345 973812624
96.6128 105.059 973812624
109.607 93.1705 973812624
93.6337 87.6759 973812624
117.134 102.773 973812624
97.9643 97.3683 973812624
94.0266 96.2911 973812624
110.184 109.072 973812624
93.704 106.919 973812624
123.364 110.271 973812624
95.5546 95.2724 973812624
113.646 102.419 973812624
107.261 109.594 973812624
107.258 76.5603 973812624
79.1254 87.0383 973812624
120.071 123.609 973812624
106.345 77.5224 973812624
117.767 113.913 973812624
113.403 108.606 973812624
95.5492 114.263 973812624
78.1843 101.731 973812624
117.578 118.948 973812624
105.803 116.896 973812624
96.5353 81.5337 973812624
92.9725 109.124 973812624
91.4755 115.489 973812624
118.061 96.8678 973812624
92.4226 95.529 973812624
110.604 111.132 973812624
100.687 112.988 973812624
97.7218 102.526 973812624
93.753 93.2988 973812624
98.8694 99.2863 973812624
91.847 98.3897 973812624
98.5147 104.656 973812624
101.877 126.704 973812624
107.264 73.0145 973812624
88.7354 85.4539 973812624
118.389 101.665 973812624
95.0971 111.642 973812624
110.372 95.1837 973812624
125.547 96.4996 973812624
86.8086 102.113 973812624
110.436 105.463 973812624
79.5699 91.3809 973812624
77.9608 117.06 973812624
94.5002 97.874 973812624
81.8171 85.9105 973812624
88.7162 81.4735 973812624
113.148 90.3919 973812624
98.0632 93.5994 973812624
104.376 127.191 973812624
103.747 83.1325 973812624
108.071 95.9451 973812624
126.445 92.2015 973812624
100.324 122.016 973812624
89.3139 101.851 973812624
77.7351 96.8439 973812624
116.755 107.066 973812624
95.0684 117.88 973812624
119.03 113.213 973812624
96.2348 87.0315 973812624
98.1785 118.359 973812624
120.021 103.114 973812624
89.245 92.409 973812624
114.1 116.733 973812624
86.7233 99.8882 973812624
74.9342 100.471 973812624
95.8589 96.7651 973812624
103.864 89.3406 973812624
97.222 107.326 973812624
93.0902 92.3618 973812624
80.5377 98.0018 973812624
94.7249 88.054 973812624
117.611 82.4854 973812624
92.9145 102.017 973812624
87.9675 77.9071 973812624
110.988 98.7226 973812624
95.6712 81.4457 973812624
101.268 120.383 973812624
101.229 113.423 973812624
84.8778 97.0009 973812624
94.1365 88.5828 973812624
104.596 83.4574 973812624
98.1822 103.597 973812624
87.4156 112.203 973812624
95.5315 79.9122 973812624
106.674 97.3715 973812624
104.786 127.242 973812624
118.493 101.767 973812624
126.553 111.849 973812624
100.914 109.474 973812624
101.17 103.719 973812624
111.593 111.526 973812624
111.171 94.8957 973812624
98.3605 100.043 973812624
94.5393 96.0149 973812624
121.888 107.427 973812624
102.094 80.744 973812624
110.302 118.214 973812624
104.405 74.2391 973812624
97.3608 97.1499 973812624
96.2903 107.479 973812624
92.6419 93.5912 973812624
103.433 99.7682 973812624
113.27 105.108 973812624
108.112 105.155 973812624
86.229 106.841 973812624
114.217 88.0851 973812624
98.9706 98.4419 973812624
85.4898 107.101 973812624
96.7794 112.401 973812624
112.845 82.4759 973812624
92.4418 103.948 973812624
101.673 123.736 973812624
115.743 103.351 973812624
94.068 110.8 973812624
94.0761 100.427 973812624
106.48 89.2844 973812624
94.5579 77.9328 973812624
87.1714 87.0474 973812624
111.216 110.688 973812624
96.3304 80.4872 973812624
97.9668 115.881 973812624
106.065 75.4295 973812624
72.4823 100.834 973812624
108.759 78.7361 973812624
74.5106 101.749 973812624
94.3525 106.798 973812624
99.4658 108.367 973812624
89.7343 80.4785 973812624
100.904 107.618 973812624
83.9689 80.5178 973812624
91.9578 110.794 973812624
107.41 114.265 973812624
100.052 101.844 973812624
98.2928 105.149 973812624
109.407 86.7076 973812624
77.7003 101.83 973812624
91.5302 110.52 973812624
96.4262 92.7128 973812624
125.414 99.3313 973812624
116.322 77.4233 973812624
116.228 94.0412 973812624
97.1417 110.181 973812624
89.4306 100.32 973812624
120.661 85.3678 973812624
82.9045 109.553 973812624
93.8821 96.9227 973812624
114.941 92.8333 973812624
112.005 110.784 973812624
100.192 103.888 973812624
83.042 91.6237 973812624
94.1467 103.688 973812624
84.0968 80.9554 973812624
98.8888 108.634 973812624
100.534 102.075 973812624
121.519 101.367 973812624
98.301 95.0934 973812624
102.75 100.387 973812624
114.067 114.65 973812624
108.441 82.1694 973812624
111.218 102.818 973812624
97.2416 119.627 973812624
121.863 109.036 973812624
104.484 105.895 973812624
115.873 88.3934 973812624
100.148 95.6273 973812624
108.009 89.7771 973812624
95.2453 96.5001 973812624
107.326 87.7643 973812624
72.6463 100.829 973812624
92.5568 90.6194 973812624
94.1995 109.412 973812624
108.239 110.996 973812624
89.167 77.3695 973812624
130.726 93.9636 973812624
84.4975 119.396 973812624
88.9821 103.1 973812624
89.6726 114.279 973812624
102.781 113.141 973812624
76.4137 115.1 973812624
108.448 107.987 973812624
105.644 109.95 973812624
109.539 75.7291 973812624
90.4908 84.715 973812624
95.2724 98.2724 973812624
106.228 122.719 973812624
125.677 97.5114 973812624
96.8023 105.775 973812624
104.821 104.452 973812624
96.3545 108.487 973812624
106.419 105.488 973812624
84.7395 89.4843 973812624
76.3421 111.169 973812624
105.971 93.9763 973812624
102.037 88.0522 973812624
105.278 96.102 973812624
92.2224 116.18 973812624
122.219 103.452 973812624
103.543 71.2633 973812624
110.827 83.4972 973812624
113.192 122.469 973812624
111.119 96.5475 973812624
96.2892 122.95 973812624
93.9852 77.3189 973812624
96.8508 108.318 973812624
110.834 82.1726 973812624
110.156 103.696 973812624
101.663 111.479 973812624
115.014 87.3339 973812624
95.5552 76.4086 973812624
89.0121 103.242 973812624
110.103 111.493 973812624
92.9969 115.906 973812624
106.212 93.0575 973812624
77.9487 83.1375 973812624
105.245 95.537 973812624
85.9433 111.671 973812624
99.9849 97.8959 973812624
115.674 111.52 973812624
105.444 105.751 973812624
84.4925 94.7928 973812624
107.171 83.9976 973812624
113.694 113.304 973812624
95.76 96.7993 973812624
89.5058 108.548 973812624
84.8749 88.0654 973812624
111.391 79.4234 973812624
85.1454 103.803 973812624
119.777 102.424 973812624
112.022 108.841 973812624
110.12 108.085 973812624
93.6352 120.574 973812624
122.114 106.435 973812624
106.079 119.624 973812624
85.4649 99.5149 973812624
90.3802 109.359 973812624
73.7054 97.211 973812624
95.4137 101.93 973812624
112.204 112.363 973812624
106.772 105.588 973812624
119.972 85.1588 973812624
102.957 72.4274 973812624
110.492 110.285 973812624
93.8961 99.3219 973812624
124.375 93.1938 973812624
78.3941 93.9575 973812624
104.369 90.4465 973812624
86.7034 91.6499 973812624
103.33 94.626 973812624
88.9664 98.6571 973812624
79.9911 109.606 973812624
89.6078 91.7567 973812624
114.399 81.8955 973812624
90.3711 94.198 973812624
105.761 96.1102 973812624
99.6887 100.38 973812624
90.7567 84.4365 973812624
83.9746 97.3712 973812624
78.1436 113.451 973812624
104.809 106.859 973812624
95.4836 96.0453 973812624
104.541 88.4584 973812624
86.4388 96.6118 973812624
95.6551 107.697 973812624
86.7933 99.0518 973812624
113.496 92.4411 973812624
103.949 104.103 973812624
113.148 111.95 973812624
106.973 125.136 973812624
109.85 107.684 973812624
112.643 87.2086 973812624
91.751 80.0054 973812624
129.318 112.246 973812624
111.985 94.3355 973812624
81.9358 80.8419 973812624
100.262 113.773 973812624
111.649 113.018 973812624
78.1947 108.564 973812624
79.909 74.9891 973812624
89.6337 119.33 973812624
96.5896 92.8713 973812624
88.988 92.218 973812624
117.53 97.1538 973812624
108.521 82.7759 973812624
93.6987 96.3783 973812624
92.4807 111.823 973812624
110.567 114.313 973812624
101.112 104.789 973812624
102.576 99.8938 973812624
102.007 100.084 973812624
110.265 73.1067 973812624
73.1635 108.874 973812624
120.878 92.552 973812624
104.786 79.5198 973812624
105.34 103.425 973812624
104.218 110.85 973812624
102.238 99.6171 973812624
82.2874 81.6399 973812624
108.375 112.574 973812624
132.451 112.825 973812624
78.5114 84.475 973812624
116.132 105.502 973812624
102.094 98.7676 973812624
88.4974 111.463 973812624
104.041 123.297 973812624
115.251 105.814 973812624
80.0656 96.2996 973812624
90.5932 87.567 973812624
121.989 100.059 973812624
90.9493 103.073 973812624
108.652 86.8193 973812624
106.329 112.433 973812624
92.4179 92.3743 973812624
96.682 105.987 973812624
99.368 104.064 973812624
114.44 79.348 973812624
93.0239 106.329 973812624
92.5409 112.219 973812624
118.457 92.8885 973812624
130.251 93.1628 973812624
103.682 105.886 973812624
96.4705 98.6375 973812624
90.2759 125.095 973812624
115.632 81.8197 973812624
95.8465 83.8377 973812624
112.836 72.8989 973812624
102.687 107.156 973812624
119.392 120.234 973812624
99.6163 81.5561 973812624
92.1156 108.443 973812624
106.332 111.507 973812624
89.1947 112.575 973812624
111.686 83.5458 973812624
124.883 91.2477 973812624
107.005 84.9386 973812624
106.614 99.078 973812624
111.015 89.4242 973812624
84.1878 106.068 973812624
108.301 72.759 973812624
83.9652 121.471 973812624
121.764 102.261 973812624
73.335 105.498 973812624
93.975 116.549 973812624
107.998 110.108 973812624
81.6455 92.5437 973812624
84.3458 109.661 973812624
94.7943 78.8076 973812624
115.43 90.2911 973812624
93.3135 104.256 973812624
85.3744 93.3687 973812624
77.6327 108.156 973812624
110.396 116.887 973812624
81.7296 85.197 973812624
72.45 97.0902 973812624
114.547 115.045 973812624
92.8032 101.535 973812624
109.788 107.239 973812624
90.2349 101.665 973812624
106.017 93.891 973812624
92.4472 101.703 973812624
112.549 82.1925 973812624
113.12 77.7926 973812624
83.5932 101.085 973812624
89.4267 70.8316 973812624
101.032 113.486 973812624
88.4606 106.694 973812624
117.457 75.0601 973812624
75.6637 101.393 973812624
78.8548 105.596 973812624
101.651 88.8032 973812624
92.4057 86.1599 973812624
85.3194 108.751 973812624
80.8341 82.8297 973812624
108.985 118.163 973812624
116.832 93.0464 973812624
101.442 104.167 973812624
100.002 102.931 973812624
77.4076 100.207 973812624
110.285 119.343 973812624
116.411 115.05 973812624
83.9288 112.965 973812624
94.2045 85.1216 973812624
81.9678 103.603 973812624
88.1021 90.721 973812624
76.4458 93.5162 973812624
86.5782 90.1206 973812624
78.2242 109.582 973812624
102.984 101.292 973812624
99.2129 82.664 973812624
105.299 130.33 973812624
109.67 129.572 973812624
98.7814 103.288 973812624
97.3551 109.57 973812624
110.975 102.036 973812624
122.258 106.612 973812624
110.828 81.6271 973812624
108.076 108.006 973812624
111.476 74.0233 973812624
96.4014 96.3882 973812624
122.124 113.086 973812624
124.33 89.4808 973812624
118.713 125.053 973812624
97.6704 122.786 973812624
96.001 98.9186 973812624
80.4849 92.6539 973812624
98.2819 114.967 973812624
103.888 101.102 973812624
97.5 89.4102 973812624
101.847 91.1565 973812624
115.877 105.774 973812624
83.7937 112.807 973812624
94.8977 105.581 973812624
104.398 103.818 973812624
103.524 121.56 973812624
110.789 107.805 973812624
109.823 83.0462 973812624
101.734 86.4376 973812624
83.4578 103.653 973812624
86.9363 104.172 973812624
103.394 110.17 973812624
111.013 77.3411 973812624
84.5084 106.889 973812624
81.7931 95.9925 973812624
88.6321 113.782 973812624
101.869 112.417 973812624
94.6474 84.277 973812624
110.844 117.811 973812624
120.047 88.8735 973812624
102.257 80.1426 973812624
82.2161 99.4228 973812624
100.815 92.2928 973812624
101.507 105.452 973812624
117.856 117.648 973812624
111.721 124.035 973812624
115.089 113.561 973812624
113.937 124.706 973812624
102.27 91.0009 973812624
100.804 93.6466 973812624
87.112 89.7209 973812624
103.806 103.31 973812624
112.596 89.2426 973812624
96.6931 111.635 973812624
102.012 128.144 973812624
97.4624 87.3965 973812624
115.537 83.2123 973812624
101.253 93.2207 973812624
115.707 117.216 973812624
93.2208 100.995 973812624
98.2947 93.8396 973812624
99.2404 121.473 973812624
86.8994 100.429 973812624
88.2381 91.7421 973812624
93.3105 93.5163 973812624
76.5576 105.967 973812624
95.8459 102.079 973812624
72.7678 99.2381 973812624
94.8479 103.491 973812624
90.7718 102.154 973812624
97.9477 96.6163 973812624
115.793 124.362 973812624
97.7344 85.0306 973812624
81.267 104.191 973812624
97.1978 111.162 973812624
84.1447 76.4672 973812624
89.1252 89.198 973812624
107.468 111.389 973812624
114.629 88.0274 973812624
107.537 72.7346 973812624
77.4891 92.9248 973812624
102.267 112.164 973812624
96.0351 84.4938 973812624
104.389 86.3163 973812624
79.3834 110.279 973812624
80.7006 115.677 973812624
112.02 107.619 973812624
95.6858 103.367 973812624
95.915 94.697 973812624
102.138 83.9246 973812624
100.843 123.995 973812624
88.4189 87.539 973812624
125.25 107.654 973812624
109.781 78.2864 973812624
98.3127 112.477 973812624
78.7189 94.1469 973812624
101.715 85.6745 973812624
101.942 97.7119 973812624
87.8728 99.2506 973812624
89.1744 117.076 973812624
98.5112 97.2088 973812624
98.132 111.203 973812624
89.1817 74.7688 973812624
105.957 95.6844 973812624
86.7935 105.566 973812624
115.453 89.5688 973812624
103.207 121.716 973812624
113.683 101.493 973812624
102.601 97.8581 973812624
100.926 102.653 973812624
101.628 128.623 973812624
96.198 93.2869 973812624
106.387 104.275 973812624
73.6411 91.843 973812624
100.585 81.7999 973812624
94.2389 102.09 973812624
120.454 97.1535 973812624
109.71 91.8243 973812624
85.6813 86.3977 973812624
102.325 97.7012 973812624
101.579 105.292 973812624
105.401 98.8722 973812624
116.496 99.0198 973812624
120.046 86.7613 973812624
113.367 91.585 973812624
75.2954 103.587 973812624
101.703 129.891 973812624
82.6206 115.148 973812624
72.9469 99.6076 973812624
99.8229 115.439 973812624
88.8089 116.299 973812624
115.118 113.696 973812624
81.2809 85.9503 973812624
124.619 94.7223 973812624
104.928 93.5519 973812624
79.2851 92.3277 973812624
95.6578 103.872 973812624
112.672 97.3932 973812624
102.462 112.641 973812624
94.1144 93.3268 973812624
116.819 118.352 973812624
87.3468 78.7396 973812624
107.459 100.469 973812624
89.506 72.6627 973812624
117.415 101.501 973812624
77.457 88.7218 973812624
94.9439 117.06 973812624
107.802 114.494 973812624
85.8374 96.1885 973812624
105.955 97.924 973812624
90.2481 114.221 973812624
78.318 100.631 973812624
84.894 102.631 973812624
84.6686 99.0751 973812624
99.7251 90.8149 973812624
75.3482 92.9665 973812624
119.736 98.4208 973812624
98.027 93.4543 973812624
93.0197 72.8679 973812624
108.823 106.224 973812624
102.978 87.7566 973812624
109.985 89.7753 973812624
74.1791 108.045 973812624
104.621 82.5248 973812624
81.3843 108.413 973812624
99.6982 84.2969 973812624
90.2958 99.4187 973812624
111.843 73.801 973812624
105.271 102.718 973812624
88.2194 113.565 973812624
98.7396 100.277 973812624
87.1699 102.509 973812624
88.4318 98.0841 973812624
95.1283 90.8861 973812624
110.4 87.4134 973812624
71.7666 103.513 973812624
89.578 98.8487 973812624
74.8838 106.996 973812624
77.6299 83.6274 973812624
71.6465 101.489 973812624
116.812 75.2487 973812624
84.9298 113.892 973812624
106.873 84.1572 973812624
121.895 126.337 973812624
109.556 79.8844 973812624
116.829 124.999 973812624
100.66 119.419 973812624
104.595 73.1979 973812624
114.394 87.4454 973812624
99.4886 86.2738 973812624
76.1339 97.6175 973812624
113.443 110.88 973812624
131.031 112.946 973812624
85.4251 85.7081 973812624
120.441 89.5947 973812624
96.3062 89.0555 973812624
96.8932 87.6904 973812624
124.763 86.8549 973812624
95.8707 73.8616 973812624
96.913 122.192 973812624
120.39 109.322 973812624
99.4027 95.8799 973812624
93.2831 93.8222 973812624
108.848 113.618 973812624
98.1332 85.3316 973812624
109.764 100.593 973812624
107.266 84.0246 973812624
104.547 90.9624 973812624
89.3003 87.9492 973812624
110.554 109.698 973812624
80.2219 91.5352 973812624
81.3235 102.432 973812624
79.8304 86.9104 973812624
89.2759 94.6454 973812624
101.024 101.993 973812624
106.08 80.0832 973812624
126.577 90.047 973812624
80.4281 108.13 973812624
91.5611 71.8035 973812624
105.129 115.973 973812624
114.803 88.0023 973812624
70.8552 108.436 973812624
81.9196 106.846 973812624
87.9779 98.3869 973812624
95.3992 119.43 973812624
104.28 90.6698 973812624
86.884 119.272 973812624
103.258 74.0229 973812624
105.666 91.4821 973812624
85.4072 87.7592 973812624
104.934 109.867 973812624
92.1866 92.1232 973812624
106.08 120.171 973812624
116.658 92.293 973812624
91.1934 90.0605 973812624
112.742 121.444 973812624
105.251 84.5424 973812624
95.6781 94.9038 973812624
119.033 86.2012 973812624
118.645 101.597 973812624
115.859 110.068 973812624
102.13 118.203 973812624
89.2619 87.0615 973812624
101.058 87.2682 973812624
88.616 123.776 973812624
118.13 98.4513 973812624
85.4779 76.7876 973812624
100.927 103.393 973812624
95.6059 101.71 973812624
99.004 94.4305 973812624
112.807 102.975 973812624
74.009 97.4676 973812624
99.6956 100.013 973812624
104.461 103.902 973812624
82.5544 121.975 973812624
119.742 91.8843 973812624
91.2927 100.677 973812624
98.0368 80.6253 973812624
81.6875 95.0167 973812624
97.8565 102.292 973812624
88.2858 123.302 973812624
119.778 122.882 973812624
84.5023 100.88 973812624
103.229 100.354 973812624
85.8379 109.26 973812624
90.3662 99.5051 973812624
87.0667 115.711 973812624
90.1303 102.57 973812624
115.605 90.779 973812624
116.029 101.929 973812624
97.3596 105.48 973812624
101.348 100.505 973812624
86.3401 121.896 973812624
109.262 118.332 973812624
93.7762 115.025 973812624
123.715 90.732 973812624
101.809 98.2281 973812624
115.482 123.947 973812624
79.4842 89.1234 973812624
89.012 102.563 973812624
105.273 120.856 973812624
79.5493 109.785 973812624
105.699 95.6928 973812624
97.8108 116.363 973812624
109.656 79.9434 973812624
99.585 101.636 973812624
102.849 84.8478 973812624
94.8321 105.564 973812624
104.538 95.677 973812624
112.992 92.2675 973812624
106.065 87.282 973812624
113.768 77.6828 973812624
109.04 92.9404 973812624
93.5601 97.6041 973812624
89.5814 113.829 973812624
103.7 74.5003 973812624
110.936 107.358 973812624
87.8456 95.7792 973812624
87.4381 118.551 973812624
111.26 115.62 973812624
86.8031 95.5846 973812624
115.565 82.3789 973812624
121.089 111.154 973812624
92.5834 99.9171 973812624
101.391 111.816 973812624
83.0755 87.5305 973812624
84.4666 124.341 973812624
102.396 106.504 973812624
110.145 105.821 973812624
74.8388 100.283 973812624
107.153 110.04 973812624
116.701 93.4266 973812624
89.3066 111.109 973812624
85.63 102.909 973812624
95.0971 73.2107 973812624
94.9 93.6333 973812624
86.5175 104.078 973812624
84.3802 108.557 973812624
79.4935 96.9144 973812624
112.545 79.4391 973812624
76.9523 80.8468 973812624
104.398 128.694 973812624
101.589 100.059 973812624
79.7462 107.576 973812624
74.9597 101.206 973812624
120.026 112.51 973812624
106.474 109.144 973812624
108.383 96.1408 973812624
96.5067 113.644 973812624
98.0695 114.301 973812624
73.4281 107.308 973812624
98.6379 84.4476 973812624
87.9034 104.294 973812624
128.567 92.7221 973812624
102.37 108.001 973812624
114.035 95.2787 973812624
109.528 84.2928 973812624
92.8185 71.2253 973812624
97.873 103.416 973812624
102.514 90.8821 973812624
102.966 75.855 973812624
110.559 110.159 973812624
80.7043 110.715 973812624
103.064 106.2 973812624
93.905 111.032 973812624
116.666 83.3971 973812624
103.709 104.308 973812624
106.519 99.0604 973812624
111.679 102.945 973812624
103.98 114.155 973812624
120.622 107.152 973812624
107.923 95.6973 973812624
100.839 69.5093 973812624
112.171 108.832 973812624
101.374 94.7907 973812624
101.536 100.998 973812624
104.203 116.31 973812624
109.814 72.5993 973812624
101.13 102.205 973812624
74.4355 109.011 973812624
120.401 93.0586 973812624
124.725 95.9041 973812624
111.865 92.2261 973812624
109.359 117.64 973812624
93.6907 110.051 973812624
106.933 115.012 973812624
81.2594 92.8249 973812624
113.048 103.392 973812624
98.004 101.974 973812624
90.4911 93.3203 973812624
103.382 101.471 973812624
92.2265 80.1115 973812624
123.959 102.414 973812624
115.242 123.611 973812624
118.446 92.0413 973812624
93.5445 83.3341 973812624
125.882 84.8395 973812624
100.657 95.536 973812624
107.676 96.1206 973812624
92.7166 97.415 973812624
112.384 112.606 973812624
87.894 106.112 973812624
108.078 95.6295 973812624
82.6333 87.2099 973812624
93.3393 102.409 973812624
106.963 109.702 973812624
79.1764 116.546 973812624
107.506 81.7854 973812624
87.9186 110.467 973812624
90.2739 102.975 973812624
94.9037 84.6664 973812624
102.481 79.3751 973812624
94.712 90.8427 973812624
115.788 108.596 973812624
81.077 103.548 973812624
114.989 106.088 973812624
102.442 86.0124 973812624
101.764 110.168 973812624
86.1586 114.369 973812624
96.1451 89.9797 973812624
93.5227 116.832 973812624
86.034 115.198 973812624
116.614 108.497 973812624
124.781 102.561 973812624
86.7207 85.808 973812624
107.598 102.926 973812624
104.463 105.611 973812624
81.347 108.987 973812624
92.3008 98.9625 973812624
119.843 101.871 973812624
81.0268 99.634 973812624
106.387 105.903 973812624
120.852 95.3589 973812624
90.2176 116.729 973812624
86.3192 111.894 973812624
98.6649 83.3036 973812624
89.0847 88.2208 973812624
92.7387 115.662 973812624
94.7437 96.1751 973812624
72.2551 110.847 973812624
84.5344 97.9876 973812624
89.5767 99.7734 973812624
103.453 82.9323 973812624
99.9749 110.462 973812624
100.684 85.1916 973812624
116.868 94.7419 973812624
107.667 88.7601 973812624
101.446 91.7341 973812624
102.407 91.2316 973812624
93.0331 88.3007 973812624
117.366 90.3509 973812624
82.6597 96.7018 973812624
103.911 96.1692 973812624
94.6245 118.302 973812624
91.1244 104.801 973812624
103.975 83.1329 973812624
82.3043 78.3317 973812624
111.453 86.9177 973812624
97.6952 89.5003 973812624
119.062 104.014 973812624
86.1007 92.2364 973812624
121.525 91.5622 973812624
93.8721 94.8531 973812624
104.892 110.551 973812624
94.4731 122.132 973812624
99.9055 98.1764 973812624
70.778 98.6737 973812624
107.433 96.8327 973812624
90.3578 115.432 973812624
96.4044 101.374 973812624
94.0704 103.055 973812624
119.677 108.986 973812624
107.478 85.6049 973812624
117.685 111.506 973812624
83.6816 86.9503 973812624
86.5293 89.5833 973812624
89.7279 120.105 973812624
107.264 96.5704 973812624
101.37 101.846 973812624
83.4243 107.523 973812624
76.6785 74.9863 973812624
99.1375 99.8361 973812624
81.8444 76.0406 973812624
111.952 109.319 973812624
119.722 83.2947 973812624
87.5621 96.7866 973812624
96.4608 86.113 973812624
85.5432 121.738 973812624
110.943 96.7269 973812624
115.584 106.281 973812624
102.171 76.6562 973812624
94.3666 74.7355 973812624
102.532 123.986 973812624
105.041 95.0793 973812624
84.1195 90.0139 973812624
70.0763 104.198 973812624
87.799 90.2487 973812624
118.696 95.2261 973812624
81.2477 108.197 973812624
95.6262 91.7829 973812624
102.272 113.784 973812624
111.956 91.8576 973812624
101.357 105.317 973812624
96.3087 103.324 973812624
83.3908 91.2046 973812624
113.183 93.2236 973812624
81.7831 112.07 973812624
108.618 81.7919 973812624
105.108 119.816 973812624
101.2 71.5418 973812624
111.171 83.9005 973812624
91.5354 99.4093 973812624
115.191 98.2086 973812624
99.7391 123.27 973812624
81.7408 93.7976 973812624
93.5664 121.536 973812624
105.729 115.198 973812624
124.958 110.028 973812624
108.735 92.2685 973812624
114.734 122.874 973812624
91.4039 115.465 973812624
114.489 80.6522 973812624
93.493 80.1502 973812624
117.659 83.0415 973812624
110.377 90.3958 973812624
93.5508 73.415 973812624
104.991 97.6588 973812624
85.0474 109.509 973812624
100.042 107.275 973812624
105.648 93.7332 973812624
88.5909 88.6997 973812624
76.6056 96.9916 973812624
77.5509 98.3667 973812624
95.2823 111.301 973812624
101.029 116.307 973812624
105.556 96.5478 973812624
123.47 96.2451 973812624
94.7429 103.764 973812624
98.7618 90.9883 973812624
126.696 110.874 973812624
97.3261 98.8752 973812624
96.6894 85.412 973812624
76.3466 94.6544 973812624
115.231 100.053 973812624
96.6633 103.963 973812624
107.607 95.7332 973812624
107.978 101.088 973812624
97.2314 86.8104 973812624
108.53 102.085 973812624
112.647 73.3634 973812624
111.89 87.8943 973812624
93.9143 78.2628 973812624
112.652 105.711 973812624
82.4778 101.425 973812624
103.741 86.4184 973812624
121.308 102.554 973812624
94.265 113.895 973812624
90.8934 79.2828 973812624
84.8887 99.4884 973812624
79.9522 104.251 973812624
120.848 127.886 973812624
85.4575 96.3743 973812624
119.851 95.1942 973812624
89.9206 110.655 973812624
115.587 80.8974 973812624
94.532 99.5849 973812624
70.37 109.542 973812624
124.961 82.6583 973812624
84.7028 116.914 973812624
89.7942 125.323 973812624
122.422 91.3449 973812624
90.7644 111.255 973812624
94.0472 99.076 973812624
112.927 100.68 973812624
97.5733 115.402 973812624
106.606 124.244 973812624
117.179 113.298 973812624
79.5702 117.727 973812624
86.1863 117.865 973812624
99.1116 101.411 973812624
81.5326 114.343 973812624
120.092 90.1817 973812624
82.6426 115.895 973812624
88.473 95.9441 973812624
91.5638 96.2989 973812624
102.445 116.384 973812624
97.752 94.616 973812624
117.532 113.208 973812624
98.7391 103.586 973812624
92.392 96.3771 973812624
115.956 95.7269 973812624
104.212 95.1843 973812624
118.166 85.6134 973812624
88.68 112.315 973812624
121.688 99.5998 973812624
107.801 125.273 973812624
113.777 113.935 973812624
92.8036 86.4588 973812624
76.1767 102.147 973812624
91.5883 109.884 973812624
99.052 114.456 973812624
127.229 92.51 973812624
99.612 75.0307 973812624
92.1684 104.731 973812624
87.2282 95.0251 973812624
118.9 105.205 973812624
107.028 96.6531 973812624
101.819 108.135 973812624
128.601 106.449 973812624
117.56 100.693 973812624
96.0545 94.2933 973812624
96.0299 108.35 973812624
94.6931 78.2424 973812624
96.3981 107.459 973812624
105.784 92.2365 973812624
105.611 89.7595 973812624
84.3053 104.942 973812624
100.018 121.701 973812624
85.757 106.825 973812624
106.267 87.7198 973812624
106.573 115.544 973812624
103.922 113.763 973812624
89.6333 106.625 973812624
76.1163 107.924 973812624
100.745 102.663 973812624
101.038 118.975 973812624
104.931 123.837 973812624
89.7496 99.3221 973812624
93.5546 118.729 973812624
88.4005 94.8115 973812624
120.902 99.9668 973812624
103.514 100.308 973812624
106.414 96.8983 973812624
83.4141 88.6997 973812624
121.719 112.511 973812624
112.17 95.4492 973812624
82.1955 123.783 973812624
94.4976 111.359 973812624
77.3585 105.699 973812624
83.1829 95.3465 973812624
90.4901 93.448 973812624
111.085 89.0162 973812624
77.3762 99.5954 973812624
105.576 118.21 973812624
83.7899 76.8316 973812624
98.487 87.7332 973812624
83.2668 100.708 973812624
121.247 92.96 973812624
115.802 110.485 973812624
99.8654 82.7538 973812624
116.948 67.5801 1252460819
128.083 79.6648 1604158489
127.014 77.6789 1604158489
129.138 76.6801 1604158489
128.5 77.878 1604158489
104.053 142.878 1878785715
72.2469 88.614 1472174552
72.2523 86.2597 1472174552
72.163 84.1168 1472174552
74.8318 88.0916 1472174552
71.6972 84.2784 1472174552
75.2326 88.719 1472174552
71.815 82.1966 1472174552
72.8412 88.4764 1472174552
71.9574 82.8258 1472174552
73.8579 87.0808 1472174552
73.2163 85.707 1472174552
75.4701 89.0772 1472174552
100.478 141.959 198473770
139.134 102.999 1745254900
136.912 104.773 1745254900
137.932 103.546 1745254900
137.093 104.111 1745254900
127.496 126.877 1645184016
127.071 125.597 1645184016
125.859 124.791 1645184016
127.848 127.657 1645184016
137.758 111.558 1450322280
130.267 100.478 853677918
129.132 100.616 853677918
130.002 99.654 853677918
129.068 99.8445 853677918
130.935 100.865 853677918
90.7523 129.312 367200323
90.7927 128.09 367200323
92.756 125.301 367200323
92.0628 130.508 367200323
91.965 129.375 367200323
90.939 130.08 367200323
91.2578 134.252 367200323
91.0186 128.802 367200323
92.0753 132.47 367200323
89.89 128.037 367200323
92.2589 127.205 367200323
92.0797 133.849 367200323
93.8485 125.871 367200323
89.0555 128.516 367200323
140.324 109.582 1111118816
141.139 107.884 1111118816
103.718 64.5489 1690223876
103.74 62.9197 1690223876
104.171 65.8738 1690223876
104.685 63.3954 1690223876
105.748 65.7827 1690223876
104.038 63.3923 1690223876
89.1867 59.729 524491933
109.425 149.381 1170962681
136.241 94.6724 161979600
135.735 94.3593 161979600
61.6524 99.2172 1837290998
59.2234 99.9195 1837290998
60.2317 98.5756 1837290998
59.6801 97.7959 1837290998
118.856 61.8178 284278924
84.9242 128.337 1290648320
83.6787 132.163 1290648320
87.1531 132.308 1290648320
83.6337 129.163 1290648320
83.5771 133.033 1290648320
86.2804 133.76 1290648320
84.1354 127.083 1290648320
81.7826 129.554 1290648320
82.7653 132.518 1290648320
84.9598 128.282 1290648320
82.524 130.699 1290648320
85.5161 132.534 1290648320
73.9931 64.5441 1079218143
67.2972 119.225 599772478
66.964 120.696 599772478
69.1604 116.735 599772478
72.3145 116.13 599772478
70.6778 115.956 599772478
66.6133 121.044 599772478
68.1675 117.808 599772478
69.8402 118.541 599772478
131.773 86.7601 891864644
131.174 86.0904 891864644
131.513 88.5098 891864644
81.5335 55.0424 427931410
80.339 56.1723 427931410
95.0493 154.591 1149097336
101.752 153.909 289674684
138.015 98.6535 1323029049
136.821 98.0586 1323029049
139.747 97.6425 1323029049
138.777 97.5129 1323029049
137.07 97.293 1323029049
139.528 99.0193 1323029049
128.408 83.1559 963702852
131.135 83.1248 963702852
129.874 82.9126 963702852
153.257 98.2334 1436806912
72.0333 63.5653 1706826664
67.9523 83.9291 1132725970
69.5485 80.687 1132725970
67.7161 85.906 1132725970
69.588 84.6864 1132725970
69.1476 82.3781 1132725970
67.6232 82.4119 1132725970
102.371 136.726 1151838448
102.518 132.067 1151838448
102.555 134.886 1151838448
103.478 133.182 1151838448
83.4502 142.106 1671665187
72.3396 76.5252 707803561
71.2013 73.2224 707803561
69.856 77.3921 707803561
72.5889 74.5786 707803561
72.4631 77.5855 707803561
75.038 79.1636 707803561
71.7121 77.4955 707803561
69.639 78.5755 707803561
74.037 77.4404 707803561
77.6566 126.454 999273845
77.3033 127.878 999273845
76.757 129.601 999273845
77.7733 128.733 999273845
69.7346 89.819 1528339255
65.5884 87.1114 1528339255
64.8243 87.7241 1528339255
65.9223 89.2787 1528339255
64.5806 89.5834 1528339255
67.4575 88.1554 1528339255
68.8104 88.5437 1528339255
120.772 118.288 1771466540
64.4643 85.2357 37069708
118.326 132.828 913791595
118.003 133.273 913791595
62.8071 127.272 1791084415
131.564 104.904 938077084
131.825 110.115 938077084
130.366 108.478 938077084
129.249 108.531 938077084
130.427 108.248 938077084
132.774 109.013 938077084
131.012 110.024 938077084
131.055 108.746 938077084
131.055 106.71 938077084
130.368 104.317 938077084
129.729 108.549 938077084
98.8373 133.699 471782583
98.9811 135.518 471782583
112.759 138.168 1489403204
113.947 137.228 1489403204
114.363 136.996 1489403204
127.458 102.91 732000595
127.91 103.142 732000595
126.342 104.602 732000595
128.17 104.132 732000595
113.656 68.751 236283264
109.072 63.9486 1353629018
109.855 64.7958 1353629018
107.945 67.5078 1353629018
109.14 66.5341 1353629018
110.494 67.3307 1353629018
108.634 66.6117 1353629018
126.729 74.6683 1233752010
125.781 74.5647 1233752010
125.974 73.5025 1233752010
115.894 127.996 429528899
112.676 127.477 429528899
113.805 128.491 429528899
118.7 129.433 429528899
115.337 128.989 429528899
116.666 129.358 429528899
117.631 130.931 429528899
139.925 122.316 409171848
131.426 121.024 1318091423
132.852 122.389 1318091423
132.055 122.914 1318091423
130.381 119.436 1318091423
114.96 65.4897 707154430
114.97 64.9553 707154430
106.85 134.752 1855168911
108.418 134.308 1855168911
107.133 133.818 1855168911
86.4353 73.3888 1962772232
87.2948 72.7908 1962772232
87.662 73.465 1962772232
86.8693 74.5612 1962772232
107.189 56.7188 507520177
106.278 58.2005 507520177
107.33 57.8436 507520177
142.64 104.316 2082656100
143.337 103.507 2082656100
116.276 61.6633 514402735
117.575 138.73 1519845869
92.6859 60.8488 20371370
94.1226 61.6622 20371370
66.0751 113.764 1152421680
64.8316 111.267 1152421680
64.8293 112.759 1152421680
64.5805 111.95 1152421680
55.1683 91.8138 693549702
116.098 134.183 822660723
75.5697 124.155 1897880123
74.3514 122.869 1897880123
75.0756 123.253 1897880123
74.8317 122.555 1897880123
75.3005 123.64 1897880123
141.955 99.4407 29911158
92.4307 141.392 1687679583
79.0544 67.0477 1868283471
80.0359 68.1344 1868283471
129.801 114.811 1571127739
92.8811 66.1648 732257685
91.7966 65.8885 732257685
127.187 60.9534 1024691851
102.636 59.053 1785027440
134.084 92.4894 662145039
84.6313 64.1167 1567425158
108.618 132.119 1868889747
110.401 131.997 1868889747
88.6295 142.48 1052727427
90.3219 142.562 1052727427
129.114 73.0427 734493578
101.65 65.5586 2091382427
99.6228 66.2356 2091382427
100.807 66.2106 2091382427
134.623 115.805 1176769904
133.83 95.0679 1610359708
133.17 95.9868 1610359708
132.953 95.1544 1610359708
134.681 97.107 1610359708
53.238 79.8576 330936041
65.6997 76.9625 1203872019
102.778 144.966 343437474
125.999 113.885 932407242
123.906 117.585 932407242
125.946 116.458 932407242
127.649 115.365 932407242
124.541 116.187 932407242
126.947 113.925 932407242
125.469 114.841 932407242
135.896 120.496 1183332912
135.594 120.07 1183332912
65.3231 108.077 1445894911
64.3562 107.357 1445894911
127.083 141.194 1819370295
97.0673 64.4616 265744608
94.2445 68.5137 265744608
94.9888 67.0543 265744608
92.9923 68.8664 265744608
95.926 66.0378 265744608
92.7682 68.2587 265744608
78.1656 62.1304 1323616223
96.8643 68.1826 839906839
98.2952 67.9259 839906839
98.6851 69.1779 839906839
142.987 137.86 1589672858
122.623 75.2055 1445801490
65.2377 132.558 744260017
96.4259 136.856 8071127
96.1277 135.726 8071127
55.4739 98.6357 1917061347
55.4173 97.8281 1917061347
130.218 143.769 172397029
74.0861 120.561 1951567546
117.493 65.5442 414778308
67.1731 94.363 204989924
66.4495 94.2944 204989924
67.9529 95.849 204989924
65.5921 95.3965 204989924
66.3475 95.8173 204989924
144.616 101.555 1009804958
55.6806 86.3952 333168809
138.751 114.504 1183913149
138.687 115.094 1183913149
80.2674 131.288 1243987138
80.5679 72.4838 1836432949
80.268 72.0338 1836432949
79.3089 71.7169 1836432949
107.564 60.39 2133986783
112.949 132.827 1938904859
112.211 133.617 1938904859
112.863 130.85 1938904859
111.869 129.508 1938904859
140.121 119.085 117609631
103.655 49.8642 1726556215
96.5344 131.362 379394378
123.472 64.8501 1341871206
141.064 76.2992 1291406095
89.4195 67.9453 1408791551
66.2936 99.0691 214156924
68.4617 101.556 214156924
67.3471 100.853 214156924
66.4767 98.8542 214156924
66.0019 99.427 214156924
144.47 121.665 1948994776
128.823 123.106 1718234311
127.037 119.982 1718234311
129.166 121.346 1718234311
128.054 120.386 1718234311
79.4599 134.428 1870589055
78.9033 136.189 1870589055
87.241 69.9336 473982983
87.0186 67.5794 473982983
87.391 68.945 473982983
85.9505 66.3265 473982983
69.6788 138.827 1981451153
135.999 72.3985 238587711
70.6707 68.3775 364292657
136.235 83.8811 628824495
130.665 68.2101 35534331
57.1492 127.851 1449056707
122.652 120.493 1977647959
135.753 134.551 1629378701
135.879 81.8514 1512812158
134.739 66.3003 834076902
111.439 55.0081 1322184719
123.715 79.0756 1901387618
72.3975 94.8895 2119784222
70.7316 95.1668 2119784222
134.739 61.2167 470749063
134.829 85.5946 1582418503
64.5219 103.182 2123395745
63.9029 104.155 2123395745
62.3179 103.237 2123395745
151.341 74.4322 957233832
98.0047 139.401 619413664
98.1393 138.853 619413664
97.8494 138.879 619413664
68.0223 109.656 424384155
66.8841 109.969 424384155
85.897 126.031 396648036
61.9444 77.1525 653749402
81.5814 148.15 774892148
128.736 89.9622 1008012995
128.468 88.2685 1008012995
140.588 79.1113 941872475
139.275 78.5926 941872475
137.765 78.5492 941872475
123.729 140.613 1109242945
123.23 140.008 1109242945
112.353 62.9909 19718506
110.647 62.2199 19718506
131.003 79.0282 1967247072
132.693 79.147 1967247072
133.306 79.578 1967247072
132.817 80.2831 1967247072
119.967 73.1608 1907662087
138.515 90.4922 1296775044
123.228 67.8646 1929319658
121.013 133.037 345329589
120.755 133.854 345329589
71.6583 112.817 303179055
85.0899 135.688 181533481
136.357 113.643 712439666
109.473 137.839 1938823853
110.201 138.354 1938823853
103.747 56.5048 419207294
121.483 82.209 2042377776
120.258 81.3367 2042377776
59.1092 71.4408 1194312685
72.3323 131.594 182955622
148.23 56.6207 146941250
58.7825 106.555 629323763
65.2379 63.9562 2089621918
120.907 68.6347 2134256036
121.66 69.7115 2134256036
56.6669 114.666 735461411
55.3646 115.734 735461411
136.139 101.596 1636012892
62.866 92.8485 897284205
93.7603 136.512 1868813856
92.4446 137.523 1868813856
76.2201 85.7043 321408021
78.7272 122.339 1169382124
96.0978 62.2839 1605199808
72.2465 119.508 1163238795
71.498 119.997 1163238795
68.0623 123.495 1001465893
69.3012 124.849 1001465893
136.626 109.866 1368969924
135.02 106.009 1068739439
125.332 121.15 1072726758
119.818 79.2391 1905874045
136.585 89.4992 1394823726
74.7829 74.2969 278158005
80.185 152.093 942074588
140.474 94.5838 2057329508
140.177 95.5757 2057329508
45.6678 108.347 1009197063
109.328 69.3327 677759055
92.0582 57.4348 1774915529
82.8376 74.2165 404246746
68.7898 91.8375 2087193659
72.6309 69.0495 867962202
149.839 108.468 1495250175
114.688 59.219 812516510
77.3714 132.798 425698673
112.154 144.111 1629796898
146.699 120.202 941539489
107.119 140.67 1079550520
51.5967 77.8559 1192885323
52.1154 76.011 1192885323
114.428 62.526 1532589885
83.0324 136.207 1460710095
82.5628 135.124 1460710095
68.554 113.126 833158965
146.186 98.1158 2129857416
131.9 117.888 812975448
68.162 74.592 1874362496
59.6494 111.832 76202204
155.956 80.9567 1891672404
87.8793 61.4779 1249885285
119.912 76.5816 1912472364
48.3483 105.265 1465058758
78.5186 48.369 986519491
120.457 63.5733 1549450505
146.227 124.158 899374820
66.2405 56.8644 835023310
50.1595 90.0251 1559000108
79.6955 140.374 1713766994
64.5506 81.2515 6192100
158.509 57.3831 769792146
49.1394 110.306 968028148
148.902 103.323 1285000419
114.805 144.742 1562243051
107.58 50.3654 1076522319
80.737 61.7347 256666057
89.8204 139.267 228474827
82.1986 68.9026 1196847018
58.7373 123.976 926796613
