121.764 102.261 0
82.056 113.64 0
83.9652 121.471 0
116.948 67.5801 0
108.301 72.759 0
84.1878 106.068 0
111.015 89.4242 0
106.614 99.078 0
107.005 84.9386 0
128.083 79.6648 0
124.883 91.2477 0
127.014 77.6789 0
104.053 142.878 0
111.686 83.5458 0
89.1947 112.575 0
106.332 111.507 0
92.1156 108.443 0
75.4701 89.0772 0
99.6163 81.5561 0
119.392 120.234 0
102.687 107.156 0
90.9493 103.073 0
95.8465 83.8377 0
115.632 81.8197 0
90.2759 125.095 0
96.4705 98.6375 0
103.682 105.886 0
130.251 93.1628 0
118.457 92.8885 0
92.5409 112.219 0
93.0239 106.329 0
114.44 79.348 0
99.368 104.064 0
96.682 105.987 0
92.4179 92.3743 0
106.329 112.433 0
100.478 141.959 0
108.652 86.8193 0
112.836 72.8989 0
80.8341 82.8297 0
137.093 104.111 0
85.3194 108.751 0
92.4057 86.1599 0
101.651 88.8032 0
78.8548 105.596 0
75.6637 101.393 0
117.457 75.0601 0
88.4606 106.694 0
101.032 113.486 0
89.4267 70.8316 0
83.5932 101.085 0
113.12 77.7926 0
112.549 82.1925 0
92.4472 101.703 0
127.496 126.877 0
106.017 93.891 0
73.335 105.498 0
109.788 107.239 0
92.8032 101.535 0
114.547 115.045 0
72.45 97.0902 0
81.7296 85.197 0
110.396 116.887 0
77.6327 108.156 0
85.3744 93.3687 0
93.3135 104.256 0
115.43 90.2911 0
137.758 111.558 0
94.7943 78.8076 0
84.3458 109.661 0
81.6455 92.5437 0
107.998 110.108 0
130.935 100.865 0
93.975 116.549 0
104.786 79.5198 0
111.649 113.018 0
93.8485 125.871 0
100.262 113.773 0
81.9358 80.8419 0
111.985 94.3355 0
129.318 112.246 0
91.751 80.0054 0
112.643 87.2086 0
109.85 107.684 0
106.973 125.136 0
113.148 111.95 0
103.949 104.103 0
113.496 92.4411 0
130.267 100.478 0
86.7933 99.0518 0
95.6551 107.697 0
86.4388 96.6118 0
140.324 109.582 0
90.3711 94.198 0
78.3941 93.9575 0
104.369 90.4465 0
86.7034 91.6499 0
103.33 94.626 0
88.9664 98.6571 0
79.9911 109.606 0
89.6078 91.7567 0
114.399 81.8955 0
103.718 64.5489 0
124.375 93.1938 0
105.761 96.1102 0
99.6887 100.38 0
90.7567 84.4365 0
83.9746 97.3712 0
78.1436 113.451 0
104.809 106.859 0
95.4836 96.0453 0
104.541 88.4584 0
121.989 100.059 0
90.5932 87.567 0
80.0656 96.2996 0
115.251 105.814 0
104.041 123.297 0
88.4974 111.463 0
102.094 98.7676 0
89.1867 59.729 0
116.132 105.502 0
78.5114 84.475 0
132.451 112.825 0
108.375 112.574 0
82.2874 81.6399 0
109.425 149.381 0
136.241 94.6724 0
102.238 99.6171 0
104.218 110.85 0
105.34 103.425 0
78.1947 108.564 0
120.878 92.552 0
73.1635 108.874 0
61.6524 99.2172 0
110.265 73.1067 0
102.007 100.084 0
102.576 99.8938 0
118.856 61.8178 0
101.112 104.789 0
110.567 114.313 0
92.4807 111.823 0
93.6987 96.3783 0
108.521 82.7759 0
92.0797 133.849 0
117.53 97.1538 0
88.988 92.218 0
96.5896 92.8713 0
84.9242 128.337 0
89.6337 119.33 0
73.9931 64.5441 0
79.909 74.9891 0
90.2349 101.665 0
103.74 62.9197 0
102.267 112.164 0
77.4891 92.9248 0
107.537 72.7346 0
114.629 88.0274 0
107.468 111.389 0
89.1252 89.198 0
84.1447 76.4672 0
69.8402 118.541 0
97.1978 111.162 0
81.267 104.191 0
92.2589 127.205 0
97.7344 85.0306 0
115.793 124.362 0
97.9477 96.6163 0
90.7718 102.154 0
94.8479 103.491 0
72.7678 99.2381 0
87.112 89.7209 0
131.773 86.7601 0
76.5576 105.967 0
93.3105 93.5163 0
88.2381 91.7421 0
81.5335 55.0424 0
86.8994 100.429 0
99.2404 121.473 0
98.2947 93.8396 0
93.2208 100.995 0
95.0493 154.591 0
115.707 117.216 0
101.752 153.909 0
101.253 93.2207 0
115.537 83.2123 0
97.4624 87.3965 0
102.012 128.144 0
138.015 98.6535 0
96.6931 111.635 0
112.596 89.2426 0
103.806 103.31 0
95.8459 102.079 0
73.6411 91.843 0
106.387 104.275 0
128.408 83.1559 0
96.198 93.2869 0
101.628 128.623 0
100.926 102.653 0
102.601 97.8581 0
113.683 101.493 0
103.207 121.716 0
115.453 89.5688 0
86.7935 105.566 0
105.957 95.6844 0
89.1817 74.7688 0
98.132 111.203 0
98.5112 97.2088 0
89.1744 117.076 0
96.0351 84.4938 0
101.942 97.7119 0
101.715 85.6745 0
78.7189 94.1469 0
98.3127 112.477 0
109.781 78.2864 0
125.25 107.654 0
88.4189 87.539 0
100.843 123.995 0
102.138 83.9246 0
95.915 94.697 0
95.6858 103.367 0
153.257 98.2334 0
112.02 107.619 0
80.7006 115.677 0
79.3834 110.279 0
104.389 86.3163 0
81.7931 95.9925 0
72.0333 63.5653 0
98.2819 114.967 0
80.4849 92.6539 0
96.001 98.9186 0
97.6704 122.786 0
118.713 125.053 0
124.33 89.4808 0
122.124 113.086 0
96.4014 96.3882 0
111.476 74.0233 0
108.076 108.006 0
110.828 81.6271 0
122.258 106.612 0
67.6232 82.4119 0
110.975 102.036 0
97.3551 109.57 0
98.7814 103.288 0
81.9678 103.603 0
116.832 93.0464 0
101.442 104.167 0
100.002 102.931 0
77.4076 100.207 0
110.285 119.343 0
116.411 115.05 0
83.9288 112.965 0
94.2045 85.1216 0
108.985 118.163 0
88.1021 90.721 0
76.4458 93.5162 0
86.5782 90.1206 0
78.2242 109.582 0
102.984 101.292 0
99.2129 82.664 0
102.371 136.726 0
105.299 130.33 0
109.67 129.572 0
83.4502 142.106 0
100.804 93.6466 0
102.27 91.0009 0
113.937 124.706 0
115.089 113.561 0
111.721 124.035 0
117.856 117.648 0
69.639 78.5755 0
101.507 105.452 0
100.815 92.2928 0
82.2161 99.4228 0
102.257 80.1426 0
120.047 88.8735 0
110.844 117.811 0
94.6474 84.277 0
101.869 112.417 0
88.6321 113.782 0
77.6566 126.454 0
68.8104 88.5437 0
103.888 101.102 0
84.5084 106.889 0
111.013 77.3411 0
103.394 110.17 0
86.9363 104.172 0
120.772 118.288 0
83.4578 103.653 0
101.734 86.4376 0
109.823 83.0462 0
110.789 107.805 0
103.524 121.56 0
104.398 103.818 0
64.4643 85.2357 0
94.8977 105.581 0
83.7937 112.807 0
118.326 132.828 0
62.8071 127.272 0
115.877 105.774 0
69.7346 89.819 0
101.847 91.1565 0
97.5 89.4102 0
119.777 102.424 0
98.1822 103.597 0
104.596 83.4574 0
129.729 108.549 0
94.1365 88.5828 0
84.8778 97.0009 0
98.8373 133.699 0
101.229 113.423 0
73.2163 85.707 0
101.268 120.383 0
69.1476 82.3781 0
95.6712 81.4457 0
110.988 98.7226 0
87.9675 77.9071 0
112.759 138.168 0
92.9145 102.017 0
126.342 104.602 0
117.611 82.4854 0
94.7249 88.054 0
80.5377 98.0018 0
93.0902 92.3618 0
97.222 107.326 0
113.656 68.751 0
96.2348 87.0315 0
108.071 95.9451 0
126.445 92.2015 0
100.324 122.016 0
89.3139 101.851 0
77.7351 96.8439 0
116.755 107.066 0
95.0684 117.88 0
119.03 113.213 0
103.747 83.1325 0
131.564 104.904 0
98.1785 118.359 0
120.021 103.114 0
109.072 63.9486 0
89.245 92.409 0
114.1 116.733 0
86.7233 99.8882 0
74.9342 100.471 0
95.8589 96.7651 0
103.864 89.3406 0
94.068 110.8 0
115.743 103.351 0
101.673 123.736 0
92.4418 103.948 0
112.845 82.4759 0
96.7794 112.401 0
85.4898 107.101 0
98.9706 98.4419 0
73.8579 87.0808 0
125.974 73.5025 0
114.217 88.0851 0
115.894 127.996 0
86.229 106.841 0
139.925 122.316 0
108.112 105.155 0
113.27 105.108 0
103.433 99.7682 0
132.852 122.389 0
92.6419 93.5912 0
96.2903 107.479 0
87.4156 112.203 0
114.96 65.4897 0
104.405 74.2391 0
110.302 118.214 0
102.094 80.744 0
121.888 107.427 0
94.5393 96.0149 0
106.85 134.752 0
98.3605 100.043 0
71.7121 77.4955 0
86.4353 73.3888 0
111.171 94.8957 0
111.593 111.526 0
107.33 57.8436 0
101.17 103.719 0
100.914 109.474 0
126.553 111.849 0
118.493 101.767 0
104.786 127.242 0
106.674 97.3715 0
95.5315 79.9122 0
107.264 73.0145 0
95.5492 114.263 0
130.368 104.317 0
113.403 108.606 0
142.64 104.316 0
117.767 113.913 0
106.345 77.5224 0
120.071 123.609 0
79.1254 87.0383 0
107.258 76.5603 0
107.261 109.594 0
116.276 61.6633 0
113.646 102.419 0
117.575 138.73 0
95.5546 95.2724 0
123.364 110.271 0
93.704 106.919 0
110.184 109.072 0
94.0266 96.2911 0
97.9643 97.3683 0
72.6812 105.758 0
72.2469 88.614 0
67.4575 88.1554 0
98.2427 125.984 0
103.266 110.703 0
68.1675 117.808 0
104.117 89.6504 0
91.7963 75.9787 0
101.097 110.502 0
105.429 79.169 0
106.33 125.165 0
77.1498 115.125 0
98.7951 93.996 0
122.117 98.3249 0
90.6596 87.5035 0
92.6859 60.8488 0
112.219 97.8105 0
112.804 106.345 0
96.6128 105.059 0
109.607 93.1705 0
93.6337 87.6759 0
117.134 102.773 0
64.8293 112.759 0
104.376 127.191 0
98.0632 93.5994 0
113.148 90.3919 0
88.7162 81.4735 0
81.8171 85.9105 0
94.5002 97.874 0
77.9608 117.06 0
55.1683 91.8138 0
79.5699 91.3809 0
116.098 134.183 0
110.436 105.463 0
86.8086 102.113 0
125.547 96.4996 0
110.372 95.1837 0
95.0971 111.642 0
118.389 101.665 0
88.7354 85.4539 0
78.1843 101.731 0
109.855 64.7958 0
64.5806 89.5834 0
75.5697 124.155 0
101.877 126.704 0
98.5147 104.656 0
91.847 98.3897 0
98.8694 99.2863 0
93.753 93.2988 0
97.7218 102.526 0
100.687 112.988 0
110.604 111.132 0
92.4226 95.529 0
141.955 99.4407 0
118.061 96.8678 0
91.4755 115.489 0
92.9725 109.124 0
96.5353 81.5337 0
105.803 116.896 0
117.578 118.948 0
97.3608 97.1499 0
110.103 111.493 0
89.0121 103.242 0
95.5552 76.4086 0
92.4307 141.392 0
115.014 87.3339 0
101.663 111.479 0
110.156 103.696 0
110.834 82.1726 0
96.8508 108.318 0
93.9852 77.3189 0
79.0544 67.0477 0
129.801 114.811 0
96.2892 122.95 0
111.119 96.5475 0
113.192 122.469 0
110.827 83.4972 0
103.543 71.2633 0
71.9574 82.8258 0
122.219 103.452 0
92.8811 66.1648 0
108.448 107.987 0
105.278 96.102 0
102.037 88.0522 0
105.971 93.9763 0
76.3421 111.169 0
84.7395 89.4843 0
106.419 105.488 0
96.3545 108.487 0
127.187 60.9534 0
104.821 104.452 0
89.89 128.037 0
96.8023 105.775 0
125.677 97.5114 0
106.228 122.719 0
95.2724 98.2724 0
90.4908 84.715 0
109.539 75.7291 0
105.644 109.95 0
92.2224 116.18 0
93.8961 99.3219 0
102.636 59.053 0
110.492 110.285 0
102.957 72.4274 0
134.084 92.4894 0
119.972 85.1588 0
106.772 105.588 0
112.204 112.363 0
95.4137 101.93 0
73.7054 97.211 0
107.189 56.7188 0
90.3802 109.359 0
85.4649 99.5149 0
84.6313 64.1167 0
106.079 119.624 0
122.114 106.435 0
93.6352 120.574 0
108.618 132.119 0
110.12 108.085 0
88.6295 142.48 0
112.022 108.841 0
92.9969 115.906 0
74.3514 122.869 0
82.524 130.699 0
85.1454 103.803 0
111.391 79.4234 0
84.8749 88.0654 0
89.5058 108.548 0
131.055 106.71 0
95.76 96.7993 0
113.694 113.304 0
107.171 83.9976 0
84.4925 94.7928 0
105.444 105.751 0
115.674 111.52 0
99.9849 97.8959 0
85.9433 111.671 0
105.245 95.537 0
77.9487 83.1375 0
106.212 93.0575 0
115.873 88.3934 0
114.941 92.8333 0
93.8821 96.9227 0
82.9045 109.553 0
120.661 85.3678 0
89.4306 100.32 0
97.1417 110.181 0
116.228 94.0412 0
116.322 77.4233 0
125.414 99.3313 0
96.4262 92.7128 0
129.114 73.0427 0
91.5302 110.52 0
77.7003 101.83 0
109.407 86.7076 0
98.2928 105.149 0
77.3033 127.878 0
100.052 101.844 0
108.759 78.7361 0
106.48 89.2844 0
72.8412 88.4764 0
94.5579 77.9328 0
87.1714 87.0474 0
111.216 110.688 0
96.3304 80.4872 0
97.9668 115.881 0
106.065 75.4295 0
72.4823 100.834 0
101.65 65.5586 0
94.0761 100.427 0
107.945 67.5078 0
74.5106 101.749 0
94.3525 106.798 0
134.623 115.805 0
99.4658 108.367 0
89.7343 80.4785 0
100.904 107.618 0
83.9689 80.5178 0
112.676 127.477 0
91.9578 110.794 0
107.41 114.265 0
76.4137 115.1 0
102.781 113.141 0
89.6726 114.279 0
88.9821 103.1 0
84.4975 119.396 0
130.726 93.9636 0
89.167 77.3695 0
108.239 110.996 0
94.1995 109.412 0
92.5568 90.6194 0
72.6463 100.829 0
107.326 87.7643 0
95.2453 96.5001 0
108.009 89.7771 0
100.148 95.6273 0
131.055 108.746 0
112.005 110.784 0
69.588 84.6864 0
134.681 97.107 0
104.484 105.895 0
121.863 109.036 0
97.2416 119.627 0
111.218 102.818 0
108.441 82.1694 0
114.067 114.65 0
102.75 100.387 0
84.9598 128.282 0
98.301 95.0934 0
121.519 101.367 0
100.534 102.075 0
53.238 79.8576 0
98.8888 108.634 0
84.0968 80.9554 0
139.134 102.999 0
65.6997 76.9625 0
94.1467 103.688 0
83.042 91.6237 0
100.192 103.888 0
85.5432 121.738 0
104.203 116.31 0
96.4608 86.113 0
82.7653 132.518 0
87.5621 96.7866 0
119.722 83.2947 0
111.952 109.319 0
81.8444 76.0406 0
99.1375 99.8361 0
76.6785 74.9863 0
83.4243 107.523 0
101.37 101.846 0
107.264 96.5704 0
89.7279 120.105 0
102.778 144.966 0
86.5293 89.5833 0
126.947 113.925 0
135.896 120.496 0
83.6816 86.9503 0
111.453 86.9177 0
107.478 85.6049 0
119.677 108.986 0
94.0704 103.055 0
96.4044 101.374 0
90.3578 115.432 0
107.433 96.8327 0
65.3231 108.077 0
127.083 141.194 0
70.778 98.6737 0
99.9055 98.1764 0
126.729 74.6683 0
94.4731 122.132 0
104.892 110.551 0
93.8721 94.8531 0
121.525 91.5622 0
86.1007 92.2364 0
119.062 104.014 0
97.6952 89.5003 0
117.685 111.506 0
91.4039 115.465 0
114.734 122.874 0
108.735 92.2685 0
124.958 110.028 0
105.729 115.198 0
93.5664 121.536 0
81.7408 93.7976 0
99.7391 123.27 0
115.191 98.2086 0
91.5354 99.4093 0
111.171 83.9005 0
101.2 71.5418 0
92.7682 68.2587 0
105.108 119.816 0
108.618 81.7919 0
81.7831 112.07 0
115.584 106.281 0
83.3908 91.2046 0
96.3087 103.324 0
108.418 134.308 0
101.357 105.317 0
111.956 91.8576 0
102.272 113.784 0
131.012 110.024 0
95.6262 91.7829 0
81.2477 108.197 0
118.696 95.2261 0
87.799 90.2487 0
70.0763 104.198 0
84.1195 90.0139 0
105.041 95.0793 0
78.1656 62.1304 0
102.532 123.986 0
94.3666 74.7355 0
102.171 76.6562 0
89.5767 99.7734 0
86.7207 85.808 0
124.781 102.561 0
116.614 108.497 0
86.034 115.198 0
93.5227 116.832 0
96.8643 68.1826 0
96.1451 89.9797 0
86.1586 114.369 0
101.764 110.168 0
102.442 86.0124 0
114.989 106.088 0
81.077 103.548 0
115.788 108.596 0
94.712 90.8427 0
102.481 79.3751 0
94.9037 84.6664 0
133.83 95.0679 0
87.894 106.112 0
115.242 123.611 0
118.446 92.0413 0
95.926 66.0378 0
142.987 137.86 0
93.5445 83.3341 0
125.882 84.8395 0
100.657 95.536 0
113.183 93.2236 0
107.676 96.1206 0
122.623 75.2055 0
64.8316 111.267 0
92.7166 97.415 0
99.6228 66.2356 0
112.384 112.606 0
80.339 56.1723 0
123.959 102.414 0
65.2377 132.558 0
108.078 95.6295 0
82.6333 87.2099 0
93.3393 102.409 0
106.963 109.702 0
110.401 131.997 0
79.1764 116.546 0
107.506 81.7854 0
87.9186 110.467 0
90.2739 102.975 0
82.3043 78.3317 0
103.975 83.1329 0
91.1244 104.801 0
94.6245 118.302 0
103.911 96.1692 0
82.6597 96.7018 0
117.366 90.3509 0
93.0331 88.3007 0
102.407 91.2316 0
101.446 91.7341 0
107.667 88.7601 0
116.868 94.7419 0
96.1277 135.726 0
100.684 85.1916 0
99.9749 110.462 0
55.4173 97.8281 0
103.453 82.9323 0
107.598 102.926 0
84.5344 97.9876 0
72.2551 110.847 0
94.7437 96.1751 0
130.218 143.769 0
92.7387 115.662 0
89.0847 88.2208 0
98.6649 83.3036 0
86.3192 111.894 0
90.2176 116.729 0
120.852 95.3589 0
106.387 105.903 0
81.0268 99.634 0
119.843 101.871 0
74.0861 120.561 0
92.3008 98.9625 0
117.493 65.5442 0
67.1731 94.363 0
75.038 79.1636 0
81.347 108.987 0
104.463 105.611 0
106.606 124.244 0
85.757 106.825 0
100.018 121.701 0
144.616 101.555 0
84.3053 104.942 0
105.611 89.7595 0
105.784 92.2365 0
96.3981 107.459 0
113.805 128.491 0
94.6931 78.2424 0
96.0299 108.35 0
96.0545 94.2933 0
117.56 100.693 0
128.601 106.449 0
101.819 108.135 0
107.028 96.6531 0
118.9 105.205 0
87.2282 95.0251 0
107.801 125.273 0
117.532 113.208 0
55.6806 86.3952 0
98.7391 103.586 0
92.392 96.3771 0
115.956 95.7269 0
67.2972 119.225 0
104.212 95.1843 0
118.166 85.6134 0
88.68 112.315 0
138.751 114.504 0
121.688 99.5998 0
97.752 94.616 0
113.777 113.935 0
92.8036 86.4588 0
76.1767 102.147 0
80.2674 131.288 0
91.5883 109.884 0
99.052 114.456 0
127.229 92.51 0
99.612 75.0307 0
82.1955 123.783 0
106.267 87.7198 0
94.4976 111.359 0
77.3585 105.699 0
83.1829 95.3465 0
90.4901 93.448 0
111.085 89.0162 0
77.3762 99.5954 0
121.247 92.96 0
105.576 118.21 0
99.8654 82.7538 0
115.802 110.485 0
80.5679 72.4838 0
83.2668 100.708 0
98.487 87.7332 0
107.564 60.39 0
112.17 95.4492 0
83.7899 76.8316 0
121.719 112.511 0
83.4141 88.6997 0
106.414 96.8983 0
103.514 100.308 0
120.902 99.9668 0
88.4005 94.8115 0
93.5546 118.729 0
89.7496 99.3221 0
104.931 123.837 0
101.038 118.975 0
100.745 102.663 0
76.1163 107.924 0
112.863 130.85 0
140.121 119.085 0
89.6333 106.625 0
103.922 113.763 0
92.1684 104.731 0
103.655 49.8642 0
106.573 115.544 0
82.4778 101.425 0
112.652 105.711 0
93.9143 78.2628 0
111.89 87.8943 0
112.647 73.3634 0
108.53 102.085 0
97.2314 86.8104 0
107.978 101.088 0
107.607 95.7332 0
96.6633 103.963 0
115.231 100.053 0
111.869 129.508 0
76.3466 94.6544 0
96.6894 85.412 0
97.3261 98.8752 0
126.696 110.874 0
88.5909 88.6997 0
131.174 86.0904 0
93.493 80.1502 0
67.7161 85.906 0
117.659 83.0415 0
110.377 90.3958 0
93.5508 73.415 0
104.991 97.6588 0
104.171 65.8738 0
85.0474 109.509 0
100.042 107.275 0
105.648 93.7332 0
114.489 80.6522 0
92.0753 132.47 0
76.6056 96.9916 0
77.5509 98.3667 0
95.2823 111.301 0
101.029 116.307 0
96.5344 131.362 0
105.556 96.5478 0
123.47 96.2451 0
94.7429 103.764 0
98.7618 90.9883 0
102.445 116.384 0
91.5638 96.2989 0
123.472 64.8501 0
88.473 95.9441 0
82.6426 115.895 0
120.092 90.1817 0
141.064 76.2992 0
66.6133 121.044 0
81.5326 114.343 0
99.1116 101.411 0
143.337 103.507 0
86.1863 117.865 0
79.5702 117.727 0
117.179 113.298 0
122.422 91.3449 0
97.5733 115.402 0
112.927 100.68 0
94.0472 99.076 0
90.7644 111.255 0
103.741 86.4184 0
72.3396 76.5252 0
89.7942 125.323 0
84.7028 116.914 0
89.4195 67.9453 0
124.961 82.6583 0
70.37 109.542 0
94.532 99.5849 0
115.587 80.8974 0
89.9206 110.655 0
119.851 95.1942 0
66.0019 99.427 0
85.4575 96.3743 0
120.848 127.886 0
79.9522 104.251 0
84.8887 99.4884 0
90.8934 79.2828 0
94.265 113.895 0
121.308 102.554 0
110.943 96.7269 0
80.2219 91.5352 0
110.554 109.698 0
89.3003 87.9492 0
104.547 90.9624 0
107.266 84.0246 0
109.764 100.593 0
98.1332 85.3316 0
108.848 113.618 0
93.2831 93.8222 0
99.4027 95.8799 0
120.39 109.322 0
96.913 122.192 0
95.8707 73.8616 0
124.763 86.8549 0
96.8932 87.6904 0
71.6465 101.489 0
120.441 89.5947 0
85.4251 85.7081 0
131.031 112.946 0
113.443 110.88 0
144.47 121.665 0
76.1339 97.6175 0
99.4886 86.2738 0
114.394 87.4454 0
104.595 73.1979 0
100.66 119.419 0
116.829 124.999 0
109.556 79.8844 0
121.895 126.337 0
106.873 84.1572 0
84.9298 113.892 0
116.812 75.2487 0
96.3062 89.0555 0
89.2619 87.0615 0
102.13 118.203 0
115.859 110.068 0
118.645 101.597 0
119.033 86.2012 0
128.17 104.132 0
95.6781 94.9038 0
105.251 84.5424 0
112.742 121.444 0
91.1934 90.0605 0
116.658 92.293 0
128.823 123.106 0
106.08 120.171 0
92.1866 92.1232 0
104.934 109.867 0
85.4072 87.7592 0
105.666 91.4821 0
81.3235 102.432 0
86.884 119.272 0
104.28 90.6698 0
95.3992 119.43 0
87.9779 98.3869 0
81.9196 106.846 0
70.8552 108.436 0
104.685 63.3954 0
114.803 88.0023 0
105.129 115.973 0
91.5611 71.8035 0
114.97 64.9553 0
80.4281 108.13 0
126.577 90.047 0
106.08 80.0832 0
101.024 101.993 0
89.2759 94.6454 0
79.8304 86.9104 0
104.621 82.5248 0
94.9439 117.06 0
77.457 88.7218 0
117.415 101.501 0
89.506 72.6627 0
79.4599 134.428 0
107.459 100.469 0
87.3468 78.7396 0
74.037 77.4404 0
132.774 109.013 0
116.819 118.352 0
94.1144 93.3268 0
102.462 112.641 0
112.672 97.3932 0
95.6578 103.872 0
79.2851 92.3277 0
104.928 93.5519 0
124.619 94.7223 0
81.2809 85.9503 0
120.046 86.7613 0
94.2389 102.09 0
120.454 97.1535 0
109.71 91.8243 0
85.6813 86.3977 0
102.325 97.7012 0
101.579 105.292 0
105.401 98.8722 0
87.391 68.945 0
116.496 99.0198 0
100.585 81.7999 0
113.367 91.585 0
75.2954 103.587 0
101.703 129.891 0
82.6206 115.148 0
72.9469 99.6076 0
99.8229 115.439 0
88.8089 116.299 0
115.118 113.696 0
77.6299 83.6274 0
64.5805 111.95 0
74.8838 106.996 0
89.578 98.8487 0
71.7666 103.513 0
110.4 87.4134 0
95.1283 90.8861 0
88.4318 98.0841 0
87.1699 102.509 0
98.7396 100.277 0
88.2194 113.565 0
105.271 102.718 0
111.843 73.801 0
91.0186 128.802 0
90.2958 99.4187 0
99.6982 84.2969 0
81.3843 108.413 0
69.6788 138.827 0
135.999 72.3985 0
70.6707 68.3775 0
107.802 114.494 0
74.1791 108.045 0
109.985 89.7753 0
72.4631 77.5855 0
102.978 87.7566 0
108.823 106.224 0
93.0197 72.8679 0
98.027 93.4543 0
119.736 98.4208 0
127.071 125.597 0
125.781 74.5647 0
136.235 83.8811 0
75.3482 92.9665 0
80.268 72.0338 0
99.7251 90.8149 0
84.6686 99.0751 0
84.894 102.631 0
118.003 133.273 0
78.318 100.631 0
90.2481 114.221 0
130.665 68.2101 0
105.955 97.924 0
109.14 66.5341 0
85.8374 96.1885 0
103.258 74.0229 0
78.9033 136.189 0
102.514 90.8821 0
97.873 103.416 0
92.8185 71.2253 0
69.5485 80.687 0
131.426 121.024 0
109.528 84.2928 0
114.035 95.2787 0
102.37 108.001 0
128.567 92.7221 0
87.9034 104.294 0
98.6379 84.4476 0
73.4281 107.308 0
98.0695 114.301 0
96.5067 113.644 0
108.383 96.1408 0
57.1492 127.851 0
106.474 109.144 0
120.026 112.51 0
130.427 108.248 0
122.652 120.493 0
110.145 105.821 0
79.7462 107.576 0
101.589 100.059 0
104.398 128.694 0
76.9523 80.8468 0
112.545 79.4391 0
79.4935 96.9144 0
84.3802 108.557 0
86.5175 104.078 0
94.9 93.6333 0
66.4495 94.2944 0
89.0555 128.516 0
95.0971 73.2107 0
85.63 102.909 0
89.3066 111.109 0
116.701 93.4266 0
107.153 110.04 0
74.8388 100.283 0
74.9597 101.206 0
92.2265 80.1115 0
103.382 101.471 0
90.4911 93.3203 0
98.004 101.974 0
113.048 103.392 0
81.2594 92.8249 0
106.933 115.012 0
81.7826 129.554 0
93.6907 110.051 0
135.753 134.551 0
109.359 117.64 0
111.865 92.2261 0
124.725 95.9041 0
120.401 93.0586 0
74.4355 109.011 0
101.13 102.205 0
135.879 81.8514 0
109.814 72.5993 0
102.966 75.855 0
101.536 100.998 0
101.374 94.7907 0
112.171 108.832 0
134.739 66.3003 0
111.439 55.0081 0
100.839 69.5093 0
107.923 95.6973 0
120.622 107.152 0
103.98 114.155 0
111.679 102.945 0
106.519 99.0604 0
103.709 104.308 0
116.666 83.3971 0
93.905 111.032 0
103.064 106.2 0
80.7043 110.715 0
110.559 110.159 0
109.04 92.9404 0
123.715 90.732 0
71.815 82.1966 0
80.0359 68.1344 0
93.7762 115.025 0
109.262 118.332 0
86.3401 121.896 0
101.348 100.505 0
123.715 79.0756 0
97.3596 105.48 0
116.029 101.929 0
84.1354 127.083 0
115.605 90.779 0
90.1303 102.57 0
87.0667 115.711 0
90.3662 99.5051 0
85.8379 109.26 0
103.229 100.354 0
84.5023 100.88 0
119.778 122.882 0
99.6956 100.013 0
55.4739 98.6357 0
88.616 123.776 0
118.13 98.4513 0
85.4779 76.7876 0
100.927 103.393 0
72.3975 94.8895 0
95.6059 101.71 0
99.004 94.4305 0
112.807 102.975 0
74.009 97.4676 0
75.0756 123.253 0
101.058 87.2682 0
104.461 103.902 0
82.5544 121.975 0
119.742 91.8843 0
91.2927 100.677 0
98.0368 80.6253 0
81.6875 95.0167 0
106.278 58.2005 0
97.8565 102.292 0
88.2858 123.302 0
102.396 106.504 0
84.4666 124.341 0
83.0755 87.5305 0
70.6778 115.956 0
107.133 133.818 0
72.5889 74.5786 0
101.391 111.816 0
134.739 61.2167 0
92.5834 99.9171 0
121.089 111.154 0
115.565 82.3789 0
86.8031 95.5846 0
111.26 115.62 0
87.4381 118.551 0
87.8456 95.7792 0
118.7 129.433 0
110.936 107.358 0
103.7 74.5003 0
89.5814 113.829 0
93.5601 97.6041 0
101.809 98.2281 0
113.768 77.6828 0
106.065 87.282 0
112.992 92.2675 0
104.538 95.677 0
94.8321 105.564 0
102.849 84.8478 0
99.585 101.636 0
109.656 79.9434 0
97.8108 116.363 0
134.829 85.5946 0
105.699 95.6928 0
63.9029 104.155 0
151.341 74.4322 0
79.5493 109.785 0
105.273 120.856 0
127.037 119.982 0
89.012 102.563 0
79.4842 89.1234 0
87.8728 99.2506 0
115.482 123.947 0
92.4342 100.63 0
105.068 80.5334 0
120.276 102.198 0
101.273 94.6046 0
102.632 129.088 0
105.042 85.8526 0
106.516 114.194 0
100.807 66.2106 0
99.4477 110.119 0
110.128 90.2253 0
94.4324 109.472 0
99.9628 108.041 0
116.646 104.532 0
98.0047 139.401 0
68.0223 109.656 0
95.5304 72.3311 0
103.161 92.1118 0
103.479 98.1901 0
110.188 109.699 0
104.399 109.55 0
78.5913 92.8167 0
84.6394 108.688 0
126.928 107.808 0
128.248 111.579 0
116.057 110.627 0
85.897 126.031 0
96.6204 121.551 0
110.197 110.394 0
100.171 113.641 0
96.5295 88.8187 0
95.3549 97.3792 0
108.591 96.2963 0
82.9279 113.025 0
61.9444 77.1525 0
98.4567 99.7665 0
89.4519 96.3406 0
81.7475 89.6367 0
91.2578 134.252 0
84.6602 105.215 0
84.1955 85.1248 0
103.167 107.279 0
102.596 75.1553 0
90.9976 117.583 0
81.5814 148.15 0
128.736 89.9622 0
112.117 117.253 0
140.588 79.1113 0
95.4535 100.839 0
93.604 86.4788 0
91.9731 91.6072 0
116.669 72.5229 0
123.729 140.613 0
98.7404 96.6799 0
112.353 62.9909 0
112.211 133.617 0
95.154 83.9057 0
87.5508 113.024 0
83.1984 101.799 0
108.99 105.895 0
104.183 89.0551 0
59.2234 99.9195 0
81.7641 115.868 0
95.5133 100.472 0
114.445 77.7744 0
123.761 86.8548 0
133.306 79.578 0
89.5153 94.2376 0
116.587 105.043 0
104.221 123.375 0
112.75 101.223 0
80.8315 96.9106 0
103.499 92.8311 0
103.029 93.6336 0
99.8806 83.3423 0
102.743 104.648 0
98.3683 77.3722 0
87.204 108.81 0
98.0552 102.827 0
115.337 128.989 0
106.893 112.468 0
101.553 84.7321 0
119.967 73.1608 0
104.37 82.3838 0
108.343 74.3313 0
118.71 106.816 0
89.6797 81.3936 0
85.5161 132.534 0
128.468 88.2685 0
79.7629 120.218 0
109.372 99.8835 0
114.659 102.872 0
114.641 111.385 0
114.413 95.5441 0
80.0546 76.9702 0
81.9136 90.7516 0
115.373 119.29 0
90.7402 90.1636 0
138.515 90.4922 0
62.3179 103.237 0
95.6765 124.017 0
123.228 67.8646 0
125.859 124.791 0
121.013 133.037 0
86.7807 90.9903 0
71.6583 112.817 0
102.829 111.074 0
109.536 112.785 0
105.75 109.919 0
85.0899 135.688 0
101.853 119.495 0
66.0751 113.764 0
108.036 103.268 0
109.126 96.999 0
113.899 114.978 0
87.1334 103.513 0
121.874 88.5102 0
81.181 85.2234 0
85.7684 85.5703 0
105.041 98.3665 0
136.912 104.773 0
75.5952 98.0335 0
104.461 95.387 0
99.5527 101.881 0
87.6762 110.68 0
92.1093 100.421 0
84.3397 86.1714 0
111.815 98.0002 0
77.9443 100.98 0
79.6014 79.9143 0
109.825 106.503 0
136.357 113.643 0
77.7972 119.551 0
85.4517 102.089 0
108.065 104.329 0
113.832 99.0431 0
75.2568 93.4422 0
99.1602 96.3366 0
113.054 86.6143 0
117.057 88.0793 0
100.742 97.4083 0
141.139 107.884 0
66.4767 98.8542 0
100.881 114.961 0
115.188 108.46 0
85.3526 119.234 0
93.445 71.7182 0
99.2127 85.2233 0
93.3167 90.0203 0
98.9774 75.1612 0
116.214 84.2449 0
91.474 100.104 0
98.6943 113.118 0
109.75 91.0556 0
89.1846 97.897 0
110.595 104.441 0
94.9529 122.693 0
103.819 104.919 0
98.5099 83.0802 0
115.076 114.645 0
72.3145 116.13 0
119.321 108.092 0
116.551 91.2483 0
120.846 115.53 0
108.247 89.4202 0
93.7174 112.985 0
77.1567 73.0047 0
94.312 87.1218 0
84.2283 99.4675 0
65.9223 89.2787 0
94.8714 104.105 0
91.1492 91.3736 0
79.3512 91.4726 0
101.766 114.12 0
106.312 128.728 0
88.2757 90.5202 0
80.4508 116.722 0
128.812 93.4504 0
94.1055 77.4719 0
91.6214 113.583 0
85.8609 88.0862 0
86.0646 100.285 0
114.799 105.025 0
115.472 99.2804 0
103.201 101.96 0
115.902 98.6857 0
107.754 123.186 0
86.2804 133.76 0
90.939 130.08 0
117.333 94.094 0
90.5763 80.7097 0
81.7132 97.2805 0
109.473 137.839 0
98.1581 124.361 0
92.6639 89.3445 0
103.747 56.5048 0
90.3494 94.96 0
129.138 76.6801 0
119.122 110.888 0
139.528 99.0193 0
135.735 94.3593 0
99.2575 96.8174 0
78.6186 80.5601 0
116.666 129.358 0
124.541 116.187 0
82.9207 113.032 0
95.6118 98.3855 0
94.7134 117.881 0
115.835 84.9192 0
125.175 84.3195 0
103.873 90.5612 0
91.7198 100.678 0
100.906 96.5489 0
100.485 110.275 0
88.3832 107.39 0
101.904 112.971 0
88.4731 113.957 0
105.952 107.621 0
98.5205 110.466 0
114.013 93.6054 0
85.4641 115.016 0
83.6384 98.2354 0
100.346 117.812 0
114.687 84.201 0
91.616 96.8317 0
116.301 103.473 0
128.5 77.878 0
99.5228 72.8949 0
116.146 113.129 0
101.686 74.1919 0
96.1835 111.238 0
106.213 84.4741 0
72.1105 109.012 0
100.882 84.6234 0
88.8567 116.847 0
96.2784 108.312 0
115.256 100.701 0
114.029 76.652 0
95.1991 120.464 0
88.1091 87.4053 0
88.9479 84.9185 0
116.061 103.694 0
94.5744 112.762 0
76.9298 117.232 0
113.614 102.449 0
81.2073 80.3227 0
113.685 88.1746 0
121.483 82.209 0
105.874 106.822 0
104.209 97.2507 0
95.7406 97.3697 0
96.6245 95.0251 0
78.3248 114.205 0
97.1583 85.7736 0
87.0186 67.5794 0
113.52 86.3352 0
88.5252 114.726 0
110.163 100.041 0
112.543 94.7842 0
90.535 94.6964 0
91.4155 92.6668 0
108.546 101.407 0
99.9062 126.373 0
108.82 101.347 0
59.1092 71.4408 0
89.2057 120.727 0
110.393 88.7 0
105.469 95.4566 0
118.618 100.625 0
96.7686 96.3595 0
86.5482 103.258 0
113.483 100.592 0
89.5557 108.337 0
103.794 75.4715 0
113.09 80.9831 0
91.6974 94.2 0
76.9691 111.305 0
73.1063 91.8859 0
93.8171 102.367 0
120.691 115.328 0
99.0059 102.199 0
113.24 90.8854 0
79.7398 107.251 0
110.883 88.3046 0
104.643 98.2924 0
73.8968 110.745 0
75.2326 88.719 0
95.2585 76.5083 0
72.3323 131.594 0
105.162 86.1425 0
107.622 97.0723 0
121.42 94.1352 0
106.22 101.258 0
105.447 90.1882 0
84.8831 86.9001 0
139.275 78.5926 0
148.23 56.6207 0
78.1305 98.3167 0
113.027 97.3047 0
88.6456 110.274 0
105.243 84.8147 0
138.777 97.5129 0
107.612 120.205 0
105.526 112.491 0
58.7825 106.555 0
130.381 119.436 0
127.91 103.142 0
65.2379 63.9562 0
127.01 91.9774 0
93.4066 114.666 0
115.73 114.33 0
60.2317 98.5756 0
120.907 68.6347 0
103.73 111.892 0
93.709 120.935 0
105.067 78.9628 0
127.656 106.992 0
112.889 103.895 0
120.79 121.45 0
103.373 82.7085 0
117.213 116.982 0
101.538 113.654 0
97.5287 100.312 0
86.9064 92.8659 0
107.366 85.673 0
123.987 82.5839 0
103.786 116.286 0
102.724 93.2889 0
75.6115 98.084 0
82.9705 124.583 0
92.514 77.1887 0
132.817 80.2831 0
119.772 98.5727 0
69.1604 116.735 0
90.4568 110.124 0
92.0222 99.769 0
89.7234 108.527 0
102.003 99.5114 0
92.7925 86.2357 0
90.1121 76.3806 0
85.4347 96.9332 0
114.166 100.417 0
100.897 99.9859 0
106.677 100.137 0
107.243 84.2825 0
90.5689 113.18 0
86.607 111.56 0
92.5851 95.8088 0
99.55 102.355 0
123.441 106.62 0
78.7724 100.343 0
93.343 82.4811 0
98.1393 138.853 0
83.9612 115.8 0
104.258 102.416 0
101.75 106.044 0
102.066 103.096 0
82.2224 84.1909 0
79.2513 102.273 0
102.889 96.8195 0
118.49 114.632 0
105.384 92.0803 0
56.6669 114.666 0
119.286 99.5654 0
94.5644 73.4263 0
113.265 83.3171 0
110.834 96.4486 0
98.6611 90.8246 0
98.0328 113.523 0
119.007 95.7998 0
95.9429 90.6376 0
99.031 103.76 0
114.244 102.528 0
110.986 99.9762 0
115.428 95.4409 0
109.945 99.4118 0
132.953 95.1544 0
100.88 100.352 0
84.5219 111.859 0
95.9969 102.578 0
97.3831 110.656 0
55.3646 115.734 0
96.8643 112.818 0
105.08 103.211 0
91.5875 101.458 0
103.868 72.3479 0
95.2753 79.3986 0
90.1197 104.971 0
115.773 92.9263 0
100.666 75.8299 0
123.642 85.1327 0
136.139 101.596 0
83.5026 110.425 0
114.846 95.5139 0
124.846 108.378 0
99.1812 82.7539 0
108.697 127.854 0
86.2915 101.494 0
98.8076 95.179 0
62.866 92.8485 0
101.095 76.4329 0
104.698 87.0653 0
90.6124 94.9507 0
107.451 115.61 0
82.0851 111.279 0
102.566 95.9332 0
93.7603 136.512 0
84.1828 119.805 0
81.1819 98.9233 0
94.6442 110.322 0
95.2346 85.6341 0
123.682 111.087 0
85.9505 66.3265 0
95.3165 113.323 0
101.016 78.5008 0
64.8243 87.7241 0
71.6972 84.2784 0
76.2201 85.7043 0
91.9366 106.237 0
85.4752 100.207 0
102.977 92.4625 0
112.404 110.417 0
109.849 83.1088 0
67.3471 100.853 0
78.7272 122.339 0
96.2716 101.424 0
107.644 97.0982 0
91.2727 84.0091 0
83.1487 99.0639 0
96.0978 62.2839 0
79.5129 80.4743 0
78.4969 82.1116 0
77.2371 116.996 0
100.173 70.7911 0
98.1214 100.794 0
98.8391 107.046 0
107.524 108.923 0
118.574 99.4105 0
87.5959 83.9835 0
110.15 126.968 0
97.5612 86.1752 0
89.5927 110.563 0
97.0497 115.245 0
97.7538 107.559 0
78.2519 78.0326 0
121.818 86.2135 0
110.496 82.499 0
92.9296 93.1129 0
107.097 71.7836 0
110.87 90.4265 0
124.546 101.283 0
96.6739 123.063 0
110.647 62.2199 0
103.593 106.699 0
72.2465 119.508 0
92.8919 112.575 0
113.099 96.9464 0
105.221 125.763 0
109.023 84.1082 0
113.274 117.396 0
82.0419 102.756 0
95.5221 121.783 0
87.4487 84.7768 0
118.094 98.8557 0
100.103 105.147 0
74.8318 88.0916 0
68.0623 123.495 0
120.377 92.1067 0
73.7819 96.861 0
111.74 108.828 0
136.626 109.866 0
97.0387 105.767 0
104.422 89.5602 0
105.072 130.409 0
97.23 87.3663 0
127.458 102.91 0
98.9811 135.518 0
96.4259 136.856 0
135.02 106.009 0
109.541 108.15 0
90.7056 96.3011 0
84.1585 108.861 0
81.6197 105.959 0
87.5009 77.8848 0
79.1799 120.378 0
103.423 76.6781 0
120.557 85.4847 0
92.0881 100.03 0
99.6571 87.7114 0
91.4655 96.0888 0
77.8153 117.636 0
124.639 107.811 0
98.0506 110.56 0
98.5111 106.577 0
117.333 115.139 0
109.284 96.9683 0
121.66 69.7115 0
95.0036 73.9477 0
91.8075 77.4077 0
109.282 118.677 0
92.6557 121.781 0
98.4444 87.2067 0
66.8841 109.969 0
99.9958 84.8708 0
98.4454 84.5575 0
114.227 109.207 0
98.659 113.311 0
91.1042 88.2916 0
97.8636 103.853 0
125.271 82.4476 0
105.755 110.507 0
85.1806 100.441 0
95.2763 87.8778 0
98.2952 67.9259 0
70.7316 95.1668 0
91.9204 93.4297 0
88.7612 109.989 0
100.494 81.655 0
88.7495 110.131 0
109.794 76.3958 0
118.52 100.06 0
113.474 101.29 0
99.1943 99.8486 0
102.411 89.4243 0
92.4519 87.4214 0
100.317 113.056 0
96.3956 91.012 0
123.528 102.477 0
125.332 121.15 0
91.965 129.375 0
100.799 109.625 0
107.944 108.062 0
90.2354 111.759 0
96.547 108.628 0
102.496 88.0969 0
106.235 108.905 0
106.328 112.267 0
119.818 79.2391 0
97.4196 94.4142 0
100.056 109.888 0
125.726 91.5175 0
136.585 89.4992 0
98.2019 100.566 0
81.67 93.1229 0
100.392 114.418 0
90.4813 85.8745 0
108.089 126.292 0
115.735 85.9357 0
102.901 113.913 0
110.7 79.7387 0
94.3079 121.501 0
85.4327 94.0744 0
121.214 94.3337 0
102.726 90.9125 0
112.889 118.844 0
100.178 104.797 0
86.8553 81.929 0
74.7829 74.2969 0
110.253 75.6292 0
137.765 78.5492 0
86.0515 105.801 0
97.0673 64.4616 0
137.932 103.546 0
85.322 101.758 0
126.731 97.883 0
80.185 152.093 0
101.537 115.153 0
64.3562 107.357 0
124.436 100.766 0
98.0389 113.084 0
103.857 87.8249 0
101.494 101.593 0
107.13 84.1894 0
88.5637 114.648 0
74.0006 100.488 0
115.034 78.4813 0
94.7137 119.623 0
102.352 103.075 0
117.951 108.865 0
85.918 101.316 0
101.628 113.379 0
108.925 99.4835 0
101.428 95.2436 0
110.245 94.7175 0
129.068 99.8445 0
129.249 108.531 0
118.857 100.114 0
87.8973 104.227 0
71.5011 103.207 0
83.13 80.7902 0
98.8787 100.089 0
104.037 97.9704 0
82.4081 109.496 0
105.318 105.102 0
91.4809 84.2849 0
96.9405 102.939 0
88.205 87.9639 0
140.177 95.5757 0
94.4984 112.551 0
123.51 106.595 0
96.7523 76.1572 0
92.6967 106.041 0
85.6154 89.2113 0
119.591 107.228 0
94.0223 95.805 0
81.8591 90.4322 0
88.999 82.6457 0
87.241 69.9336 0
112.877 84.1126 0
45.6678 108.347 0
109.622 93.9939 0
119.55 90.7657 0
82.4233 106.091 0
137.07 97.293 0
74.35 91.8014 0
59.6801 97.7959 0
100.441 117.447 0
76.5599 118.215 0
105.238 106.389 0
109.328 69.3327 0
92.0582 57.4348 0
93.6143 120.269 0
99.886 102.641 0
101.315 93.1467 0
119.72 116.282 0
89.1761 92.708 0
114.094 72.2129 0
65.5884 87.1114 0
93.9574 103.449 0
90.1774 114.55 0
111.59 102.846 0
91.9462 102.738 0
78.9178 115.482 0
133.17 95.9868 0
139.747 97.6425 0
90.5864 103.17 0
96.9216 122.588 0
88.4997 90.2018 0
102.27 80.4152 0
82.3187 115.778 0
109.502 102.701 0
81.4398 79.2521 0
91.7865 93.8653 0
116.93 101.272 0
82.8376 74.2165 0
100.574 97.3224 0
73.2323 101.872 0
92.6944 81.4574 0
116.615 116.355 0
90.1618 70.9129 0
97.9338 89.8357 0
68.7898 91.8375 0
97.6768 97.2831 0
83.549 91.1689 0
102.079 103.662 0
83.5654 83.8897 0
99.157 107.359 0
116.247 98.6905 0
72.6309 69.0495 0
90.0611 114.764 0
120.776 96.9938 0
104.339 97.8429 0
83.5771 133.033 0
84.5917 109.054 0
94.7775 108.995 0
122.204 94.2974 0
96.6086 112.514 0
126.529 87.335 0
83.0812 92.9186 0
87.1447 102.832 0
87.4805 113.685 0
91.3988 80.1984 0
96.3727 114.794 0
105.748 65.7827 0
64.5219 103.182 0
102.917 107.103 0
79.4511 96.6905 0
116.119 88.5545 0
98.1238 103.207 0
66.2936 99.0691 0
87.8339 111.693 0
97.2112 92.9625 0
76.3082 104.445 0
89.15 121.43 0
95.8385 119.613 0
107.908 88.1508 0
86.8135 97.0315 0
149.839 108.468 0
114.688 59.219 0
92.0628 130.508 0
119.042 107.61 0
81.1222 99.9201 0
70.9774 103.412 0
72.163 84.1168 0
112.878 82.0386 0
99.9344 93.5659 0
100.762 93.5379 0
100.563 100.172 0
67.9523 83.9291 0
97.166 123.824 0
110.494 67.3307 0
77.6218 93.7143 0
111.073 107.861 0
90.4294 86.6854 0
115.729 74.1881 0
95.4464 103.037 0
125.23 107.758 0
106.58 107.155 0
103.041 90.4316 0
112.787 101.233 0
102.518 132.067 0
81.588 125.112 0
104.322 114.273 0
80.1981 99.007 0
108.03 104.437 0
98.2567 91.9069 0
100.835 85.1921 0
115.308 70.55 0
90.8766 79.7067 0
107.895 90.3153 0
106.917 82.9647 0
102.555 134.886 0
92.5285 97.2469 0
125.595 108.053 0
77.9956 118.372 0
108.144 98.1424 0
97.4532 104.63 0
97.23 82.9387 0
81.0479 99.0712 0
108.136 107.187 0
77.3714 132.798 0
92.8221 108.193 0
108.062 73.7002 0
107.485 88.2886 0
94.9914 87.8718 0
112.154 144.111 0
102.981 77.1007 0
95.8012 85.0415 0
96.2955 95.0252 0
97.4207 100.066 0
127.649 115.365 0
71.8033 103.227 0
89.6306 101.615 0
87.3012 81.3105 0
107.212 116.556 0
108.553 110.99 0
102.352 114.346 0
92.756 125.301 0
146.699 120.202 0
130.002 99.654 0
125.255 95.9231 0
122.437 102.377 0
121.828 96.7138 0
89.0475 107.874 0
115.418 119.574 0
103.541 94.8864 0
129.166 121.346 0
67.9529 95.849 0
100.858 109.837 0
99.8011 88.5808 0
85.7692 116.268 0
85.3213 83.482 0
103.097 128.77 0
116.911 105.056 0
84.8751 82.6612 0
89.773 98.8048 0
98.328 109.149 0
111.048 76.343 0
72.2523 86.2597 0
124.995 84.0452 0
100.537 88.6106 0
93.2075 108.097 0
98.521 121.566 0
106.555 88.3451 0
117.111 112.411 0
89.7605 107.985 0
98.1249 101.365 0
111.204 103.1 0
104.171 70.2915 0
94.3149 89.1782 0
119.328 97.3681 0
130.366 108.478 0
91.5742 82.935 0
91.8286 101.234 0
84.3478 99.724 0
114.914 78.4231 0
100.368 71.2317 0
132.693 79.147 0
116.365 125.117 0
107.119 140.67 0
121.139 91.2133 0
51.5967 77.8559 0
94.0467 123.43 0
95.9939 79.4584 0
103.162 105.296 0
89.8418 99.5873 0
81.9953 117.7 0
118.924 99.9235 0
74.8317 122.555 0
121.615 108.83 0
96.6419 88.9286 0
101.441 78.4996 0
78.4234 87.3027 0
114.428 62.526 0
106.367 115.58 0
84.2765 102.836 0
140.474 94.5838 0
103.083 115.939 0
105.777 79.4869 0
115.482 75.3507 0
108.567 92.4822 0
109.057 86.925 0
118.098 74.3654 0
103.824 88.762 0
102.261 85.9769 0
83.0324 136.207 0
121.016 102.952 0
102.047 106.669 0
80.3167 124.784 0
78.3 112.528 0
68.554 113.126 0
119.059 94.7214 0
95.4016 83.8141 0
127.848 127.657 0
90.4314 97.6179 0
86.5386 109.852 0
100.834 113.627 0
89.1891 111.191 0
110.201 138.354 0
124.803 92.5942 0
115.889 102.442 0
119.723 125.035 0
135.594 120.07 0
108.417 111.579 0
122.848 103.147 0
90.8256 116.878 0
107.324 109.361 0
99.0718 108.429 0
104.246 98.703 0
129.132 100.616 0
78.4191 110.241 0
146.186 98.1158 0
81.3765 88.037 0
78.5185 74.2724 0
121.384 124.869 0
106.24 128.323 0
131.513 88.5098 0
96.8467 109.965 0
97.2322 110.975 0
131.9 117.888 0
81.8244 77.144 0
85.9147 98.4972 0
102.253 87.5856 0
100.528 96.3348 0
101.605 86.7859 0
138.687 115.094 0
90.0722 125.622 0
90.5212 107.558 0
117.353 75.7776 0
76.321 107.633 0
90.3084 106.979 0
109.02 107.785 0
75.9918 110.668 0
107.425 87.4319 0
100.998 106.69 0
104.156 98.0155 0
65.5921 95.3965 0
103.618 85.9696 0
94.6704 109.062 0
87.2099 108.803 0
66.964 120.696 0
101.43 90.4695 0
68.162 74.592 0
103.28 124.773 0
91.1158 114.003 0
59.6494 111.832 0
91.6092 103.172 0
118.149 83.1033 0
82.091 102.404 0
120.325 111.633 0
102.796 113.39 0
95.0899 78.3144 0
105.724 74.8437 0
104.508 78.3787 0
90.3219 142.562 0
92.4405 95.3462 0
78.131 114.899 0
95.3838 112.689 0
84.9519 98.157 0
80.8712 95.5337 0
123.413 104.326 0
120.56 104.654 0
112.371 81.9287 0
91.8625 99.3639 0
89.4367 119.425 0
103.845 99.839 0
112.243 112.463 0
123.422 86.0266 0
99.0451 107.024 0
107.175 90.09 0
112.72 100.399 0
126.039 93.0859 0
83.6894 86.4654 0
155.956 80.9567 0
98.9199 109.031 0
85.6206 102.02 0
101.039 101.55 0
87.2948 72.7908 0
102.057 120.952 0
103.533 95.5613 0
121.789 127.75 0
98.5428 121.773 0
90.9977 108.432 0
85.7396 121.53 0
86.5464 90.7541 0
101.543 114.108 0
106.023 97.8309 0
84.8466 96.3531 0
110.206 110.041 0
103.049 100.452 0
119.374 100.064 0
94.8603 94.1477 0
97.8348 123.722 0
125.469 114.841 0
89.5431 108.114 0
86.1808 111.051 0
97.8494 138.879 0
115.802 71.8627 0
95.7473 97.9045 0
102.687 110.794 0
90.7927 128.09 0
94.1226 61.6622 0
84.0055 99.4254 0
81.0434 92.7329 0
86.8079 94.9015 0
104.194 81.0327 0
97.4222 104.356 0
100.511 121.565 0
73.4933 106.077 0
98.8819 90.7695 0
69.856 77.3921 0
88.0289 113.366 0
91.7995 93.686 0
109.745 105.307 0
89.1832 82.07 0
86.3633 106.16 0
97.2905 107.77 0
87.8793 61.4779 0
106.085 99.8988 0
101.211 95.4382 0
106.739 72.698 0
75.9723 114.177 0
120.755 133.854 0
119.912 76.5816 0
82.3587 110.315 0
88.6553 100.787 0
91.331 83.7517 0
97.3787 116.621 0
107.784 98.4386 0
98.186 112.477 0
97.6676 100.107 0
107.628 104.481 0
100.308 113.711 0
97.0659 115.361 0
112.949 132.827 0
125.273 83.6256 0
125.598 98.2117 0
88.4708 77.4485 0
91.076 119.257 0
98.2167 127.287 0
124.665 100.814 0
91.7071 77.8976 0
110.964 107.294 0
85.0047 97.6127 0
115.851 111.507 0
48.3483 105.265 0
115.465 109.927 0
107.986 82.5915 0
76.757 129.601 0
98.5784 90.3906 0
119.161 115.3 0
83.3824 93.6084 0
81.2029 84.219 0
118.318 107.841 0
117.133 77.3303 0
92.9923 68.8664 0
101.765 72.758 0
117.801 90.0958 0
104.462 90.0538 0
92.4855 81.4195 0
79.2838 94.9389 0
93.2566 79.3399 0
74.5127 114.4 0
95.8907 102.479 0
83.5292 99.5429 0
95.444 103.717 0
124.213 110.401 0
97.7561 93.3866 0
113.431 111.533 0
99.6661 111.335 0
94.9888 67.0543 0
83.6337 129.163 0
78.5186 48.369 0
117.3 90.2707 0
85.3492 81.9078 0
87.1531 132.308 0
95.3893 91.5153 0
113.292 85.3233 0
97.1755 118.177 0
129.347 95.2779 0
78.9851 88.6245 0
103.873 72.985 0
94.2002 115.651 0
66.3475 95.8173 0
113.947 137.228 0
101.529 102.953 0
89.5711 94.6692 0
80.5873 101.751 0
115.561 112.625 0
120.457 63.5733 0
89.9814 99.2935 0
108.634 66.6117 0
95.0539 83.9607 0
132.055 122.914 0
110.684 95.9651 0
86.8554 91.3115 0
87.662 73.465 0
85.1533 102.938 0
85.4927 95.4789 0
102.634 98.5167 0
84.8458 111.076 0
103.019 98.0277 0
130.672 94.7489 0
81.3418 103.878 0
81.8226 116.979 0
92.2369 102.174 0
114.363 136.996 0
87.2305 94.7978 0
117.631 130.931 0
101.247 98.6682 0
146.227 124.158 0
91.7966 65.8885 0
125.946 116.458 0
103.136 76.5912 0
77.2816 106.364 0
87.5153 94.0723 0
77.3477 112.927 0
104.687 75.9599 0
86.3164 84.8577 0
119.941 104.821 0
113.835 122.502 0
52.1154 76.011 0
82.5782 125.422 0
108.196 113.548 0
66.2405 56.8644 0
97.7556 108.661 0
110.678 120.502 0
75.1546 116.905 0
124.481 107.887 0
86.4767 94.5992 0
95.7668 96.7595 0
117.278 86.5303 0
111.839 93.5389 0
88.012 99.9109 0
112.044 112.429 0
128.054 120.386 0
92.2171 112.732 0
85.637 101.452 0
104.105 89.8476 0
96.4627 99.7446 0
91.9038 98.3548 0
85.9393 116.629 0
97.0231 106.534 0
86.4301 81.3539 0
100.46 108.253 0
115.376 103.11 0
101.047 103.343 0
91.853 95.3107 0
98.2137 100.95 0
97.1361 96.3284 0
109.261 103.018 0
109.049 106.796 0
104.349 104.431 0
91.4119 123.697 0
98.4036 99.1977 0
101.848 127.796 0
50.1595 90.0251 0
87.0207 103.995 0
107.282 115.206 0
98.1214 90.9137 0
76.759 107.102 0
100.032 118.014 0
106.624 74.4632 0
111.504 102.206 0
102.024 115.246 0
79.6955 140.374 0
83.6787 132.163 0
121.188 104.815 0
136.821 98.0586 0
96.3598 77.8748 0
94.8285 97.1356 0
77.7733 128.733 0
64.5506 81.2515 0
120.436 90.6033 0
74.3401 98.3426 0
103.478 133.182 0
71.2013 73.2224 0
100.855 94.353 0
89.237 100.98 0
88.3315 85.7407 0
72.1528 98.0745 0
116.099 81.5768 0
119.458 99.2557 0
92.3132 90.7761 0
78.5797 92.4478 0
110.816 120.311 0
131.003 79.0282 0
90.7493 73.8937 0
109.893 110.028 0
131.135 83.1248 0
109.476 109.545 0
104.43 87.4679 0
98.0142 87.9676 0
79.3089 71.7169 0
86.3537 112.655 0
97.1594 104.773 0
108.343 87.5111 0
71.7027 109.332 0
97.3796 95.903 0
86.6332 79.2129 0
89.6308 89.0497 0
86.8554 87.2759 0
94.9093 106.001 0
124.673 111.023 0
158.509 57.3831 0
96.6879 106.976 0
93.0026 73.4956 0
75.3005 123.64 0
124.88 99.8698 0
49.1394 110.306 0
123.906 117.585 0
91.9421 75.6674 0
90.7523 129.312 0
97.2436 84.9392 0
99.8741 106.705 0
83.4609 108.698 0
99.4382 101.854 0
101.57 99.5676 0
111.325 98.3034 0
84.3295 95.2801 0
112.335 85.4316 0
104.624 89.198 0
113.358 124.927 0
95.317 118.45 0
109.888 123.761 0
108.882 77.8035 0
100.9 115.921 0
106.694 104.211 0
92.559 96.7031 0
112.765 107.639 0
108.491 89.5702 0
123.23 140.008 0
104.19 94.7381 0
124.961 87.9813 0
83.2822 95.2384 0
89.2792 103.174 0
95.8935 99.9866 0
83.824 92.959 0
78.9213 79.3565 0
88.1223 103.697 0
98.6851 69.1779 0
109.303 90.3624 0
94.9376 75.6958 0
99.239 117.847 0
88 107.907 0
109.398 86.8715 0
94.957 93.2199 0
97.5462 113.356 0
104.038 63.3923 0
92.4957 91.3666 0
84.7121 89.3433 0
92.4446 137.523 0
105.758 93.987 0
148.902 103.323 0
105.599 70.9897 0
97.7808 98.8963 0
129.874 82.9126 0
104.216 121.895 0
115.08 111.337 0
131.825 110.115 0
77.8015 116.571 0
109.314 117.65 0
114.805 144.742 0
85.0818 77.585 0
107.58 50.3654 0
115.253 101.078 0
80.737 61.7347 0
99.4506 78.9789 0
90.9393 122.76 0
98.4353 124.895 0
93.7996 100.035 0
106.712 85.5913 0
94.2445 68.5137 0
90.3197 97.0123 0
97.64 91.9774 0
118.637 91.7147 0
120.258 81.3367 0
98.1284 93.8985 0
101.409 89.29 0
114.835 82.3857 0
92.2119 73.2923 0
82.5628 135.124 0
98.1595 95.0215 0
95.4348 115.44 0
86.8693 74.5612 0
69.3012 124.849 0
109.531 109.43 0
109.291 75.9814 0
96.2543 118.86 0
97.7674 103.953 0
119.341 99.944 0
105.728 122.751 0
98.3295 95.0176 0
103.377 119.523 0
85.2357 98.8692 0
85.8982 89.129 0
116.317 102.754 0
105.069 82.089 0
103.058 88.79 0
85.2135 121.12 0
85.5184 111.46 0
112.676 112.014 0
100.063 107.436 0
89.8204 139.267 0
98.1843 84.8598 0
91.1142 90.9754 0
75.384 95.6186 0
100.967 92.8368 0
116.407 107.426 0
99.6368 82.2336 0
88.4173 93.3921 0
99.352 83.1725 0
121.448 104.751 0
68.4617 101.556 0
124.897 89.6112 0
82.1986 68.9026 0
125.451 81.8723 0
71.498 119.997 0
125.999 113.885 0
108.678 95.7108 0
113.29 90.4682 0
111.434 89.5439 0
111.869 105.051 0
58.7373 123.976 0
118.345 119.972 0